,Adj Close,Close,High,Low,Open,Volume
2000-01-04,0,28900,3000,2755,2950,69000
2000-01-05,0,26900,2890,2680,2750,90000
2000-01-06,0,25000,2750,2500,2750,102000
2000-01-07,0,25100,2600,2510,2550,73000
2000-01-10,0,25600,2620,2510,2510,130000
2000-01-11,0,24900,2620,2490,2620,108000
2000-01-12,0,24500,2500,2350,2490,101000
2000-01-13,0,24200,2500,2300,2300,63000
2000-01-14,0,27800,2780,2490,2500,301000
2000-01-17,0,25500,2780,2525,2780,138000
2000-01-18,0,25800,2630,2500,2630,72000
2000-01-19,0,25100,2560,2410,2410,73000
2000-01-20,0,24500,2580,2400,2410,58000
2000-01-21,0,24600,2520,2300,2450,50000
2000-01-24,0,24500,2500,2360,2360,19000
2000-01-25,0,23600,2450,2350,2450,47000
2000-01-26,0,23100,2490,2280,2310,66000
2000-01-27,0,23600,2390,2310,2310,25000
2000-01-28,0,24100,2500,2340,2340,90000
2000-01-31,0,24100,2480,2350,2380,63000
2000-02-01,0,23250,2440,2310,2410,82000
2000-02-02,0,24000,2430,2300,2330,182000
2000-02-03,0,24000,2470,2370,2420,134000
2000-02-04,0,24000,2400,2400,2400,0
2000-02-07,0,24600,2500,2400,2420,170000
2000-02-08,0,24300,2530,2360,2500,100000
2000-02-09,0,24300,2495,2400,2430,117000
2000-02-10,0,24550,2500,2320,2430,238000
2000-02-11,0,24700,2480,2380,2410,177000
2000-02-14,0,24000,2550,2380,2500,174000
2000-02-15,0,23100,2400,2310,2340,41000
2000-02-16,0,23000,2320,2200,2310,78000
2000-02-17,0,23000,2320,2210,2230,80000
2000-02-18,0,22000,2300,2200,2300,79000
2000-02-21,0,19700,2270,1970,2220,102000
2000-02-22,0,19000,1950,1800,1800,84000
2000-02-23,0,20000,2090,1950,2000,131000
2000-02-24,0,19000,2000,1810,2000,84000
2000-02-25,0,19500,2000,1820,1825,110000
2000-02-28,0,20600,2100,1900,1950,185000
2000-02-29,0,21600,2280,2100,2100,138000
2000-03-01,0,21600,2160,2160,2160,0
2000-03-02,0,22000,2330,2180,2200,106000
2000-03-03,0,21600,2300,2160,2200,145000
2000-03-06,0,23000,2320,2150,2150,229000
2000-03-07,0,23000,2450,2200,2295,189000
2000-03-08,0,22050,2300,2165,2210,112000
2000-03-09,0,22200,2275,2165,2210,125000
2000-03-10,0,22250,2300,2180,2180,105000
2000-03-13,0,22750,2290,2200,2265,157000
2000-03-14,0,21800,2350,2170,2350,116000
2000-03-15,0,22100,2300,2180,2180,117000
2000-03-16,0,22100,2350,2200,2200,99000
2000-03-17,0,21950,2230,2190,2210,92000
2000-03-20,0,21850,2250,2175,2175,120000
2000-03-21,0,21700,2230,2165,2230,92000
2000-03-22,0,21900,2195,2140,2170,137000
2000-03-23,0,25150,2515,2170,2190,881000
2000-03-24,0,25200,2840,2500,2540,1614000
2000-03-27,0,26000,2660,2430,2550,471000
2000-03-28,0,25450,2700,2545,2610,489000
2000-03-29,0,23500,2600,2300,2500,150000
2000-03-30,0,22400,2400,2180,2350,196000
2000-03-31,0,22500,2350,2175,2185,365000
2000-04-03,0,22500,2350,2205,2205,251000
2000-04-04,0,22550,2315,2250,2295,123000
2000-04-05,0,22550,2255,2255,2255,0
2000-04-06,0,24000,2590,2270,2590,260000
2000-04-07,0,23500,2450,2330,2350,161000
2000-04-10,0,23600,2470,2325,2450,155000
2000-04-11,0,22600,2420,2260,2300,171000
2000-04-12,0,22750,2300,1925,1925,81000
2000-04-13,0,22750,2275,2275,2275,0
2000-04-14,0,22700,2350,2235,2350,102000
2000-04-17,0,20000,2180,2000,2150,148000
2000-04-18,0,23000,2300,2100,2100,168000
2000-04-19,0,25500,2645,2380,2380,615000
2000-04-20,0,27000,2790,2480,2480,746000
2000-04-21,0,28000,2800,2650,2650,450000
2000-04-24,0,27800,2900,2760,2840,331000
2000-04-25,0,28600,2860,2760,2780,389000
2000-04-26,0,27800,2950,2775,2890,451000
2000-04-27,0,26300,2770,2600,2735,179000
2000-04-28,0,25150,2700,2515,2560,80000
2000-05-01,0,25150,2515,2515,2515,0
2000-05-02,0,25600,2600,2510,2510,112000
2000-05-03,0,26500,2700,2510,2510,132000
2000-05-04,0,27200,2760,2635,2650,249000
2000-05-05,0,27200,2720,2720,2720,0
2000-05-08,0,28200,2870,2740,2810,335000
2000-05-09,0,28200,2820,2820,2820,0
2000-05-10,0,28000,2850,2760,2850,290000
2000-05-11,0,28000,2800,2800,2800,0
2000-05-12,0,26800,2830,2650,2710,156000
2000-05-15,0,23100,2650,2310,2610,240000
2000-05-16,0,25850,2585,2350,2355,180000
2000-05-17,0,27400,2800,2400,2400,534000
2000-05-18,0,23400,2740,2330,2710,530000
2000-05-19,0,23800,2445,2130,2300,249000
2000-05-22,0,21700,2380,2085,2380,139000
2000-05-23,0,20000,2280,1910,1910,224000
2000-05-24,0,19100,2055,1890,2055,161000
2000-05-25,0,21500,2190,1920,1920,186000
2000-05-26,0,22500,2300,2000,2100,595000
2000-05-29,0,22500,2250,2250,2250,0
2000-05-30,0,22500,2250,2250,2250,0
2000-05-31,0,23500,2390,2215,2300,255000
2000-06-01,0,23000,2400,2255,2275,152000
2000-06-02,0,22250,2350,2200,2310,96000
2000-06-05,0,22450,2375,2200,2350,162000
2000-06-06,0,22450,2245,2245,2245,0
2000-06-07,0,22500,2250,2170,2250,110000
2000-06-08,0,21000,2265,2100,2235,72000
2000-06-09,0,21000,2190,2100,2130,91000
2000-06-12,0,21550,2245,2050,2150,92000
2000-06-13,0,21500,2185,2070,2150,66000
2000-06-14,0,21500,2300,2080,2080,109000
2000-06-15,0,20200,2180,2020,2180,35000
2000-06-16,0,20000,2070,1890,1925,127000
2000-06-19,0,19750,2090,1975,2050,29000
2000-06-20,0,20150,2050,2010,2030,32000
2000-06-21,0,20000,2050,1980,1980,36000
2000-06-22,0,20350,2110,2000,2000,83000
2000-06-23,0,20500,2075,2020,2035,44000
2000-06-26,0,20700,2100,2030,2030,78000
2000-06-27,0,20600,2100,2040,2100,54000
2000-06-28,0,20100,2040,2000,2040,85000
2000-06-29,0,23100,2310,2310,2310,144000
2000-06-30,0,23550,2655,2330,2655,1759000
2000-07-03,0,23100,2385,2210,2360,461000
2000-07-04,0,21700,2350,2150,2350,340000
2000-07-05,0,20900,2150,2070,2080,242000
2000-07-06,0,21800,2200,2050,2050,242000
2000-07-07,0,21500,2235,2110,2180,195000
2000-07-10,0,21750,2200,2150,2200,110000
2000-07-11,0,21500,2180,2110,2150,154000
2000-07-12,0,21600,2190,2130,2150,142000
2000-07-13,0,21700,2200,2135,2160,154000
2000-07-14,0,21500,2200,2140,2200,83000
2000-07-17,0,21500,2150,2150,2150,0
2000-07-18,0,21700,2170,2100,2105,166000
2000-07-19,0,21700,2170,2100,2105,166000
2000-07-20,0,21900,2190,2130,2160,111000
2000-07-21,0,21600,2230,2160,2190,56000
2000-07-24,0,21450,2160,2125,2155,174000
2000-07-25,0,22300,2230,2000,2130,55000
2000-07-26,0,21950,2220,2160,2200,68000
2000-07-27,0,22000,2205,2160,2205,59000
2000-07-28,0,22900,2340,2160,2180,321000
2000-07-31,0,22600,2340,2250,2340,166000
2000-08-01,0,23000,2410,2260,2320,321000
2000-08-02,0,22700,2310,2260,2310,88000
2000-08-03,0,22450,2290,2230,2250,110000
2000-08-04,0,22650,2300,2245,2245,49000
2000-08-07,0,22400,2275,2220,2235,45000
2000-08-08,0,23500,2350,2210,2350,146000
2000-08-09,0,23500,2390,2280,2340,143000
2000-08-10,0,24700,2600,2320,2340,348000
2000-08-11,0,25000,2590,2480,2480,433000
2000-08-14,0,25300,2600,2500,2600,121000
2000-08-15,0,25300,2530,2530,2530,0
2000-08-16,0,25800,2580,2520,2530,163000
2000-08-17,0,25500,2600,2530,2560,97000
2000-08-18,0,25800,2580,2500,2530,141000
2000-08-21,0,26100,2800,2530,2530,451000
2000-08-22,0,26100,2680,2575,2620,64000
2000-08-23,0,26000,2640,2595,2620,55000
2000-08-24,0,26000,2700,2590,2605,108000
2000-08-25,0,26400,2640,2580,2600,65000
2000-08-28,0,25700,2680,2570,2650,156000
2000-08-29,0,26250,2800,2500,2540,811000
2000-08-30,0,26300,2670,2585,2650,62000
2000-08-31,0,25900,2670,2550,2670,90000
2000-09-01,0,25900,2630,2510,2510,25000
2000-09-04,0,25400,2650,2540,2590,29000
2000-09-05,0,25200,2600,2520,2540,65000
2000-09-06,0,24750,2580,2475,2520,70000
2000-09-07,0,23800,2500,2370,2450,82000
2000-09-08,0,25000,2500,2380,2400,78000
2000-09-11,0,25000,2500,2500,2500,0
2000-09-12,0,25000,2500,2500,2500,0
2000-09-13,0,25000,2500,2500,2500,0
2000-09-14,0,24300,2565,2380,2380,53000
2000-09-15,0,22750,2520,2210,2430,295000
2000-09-18,0,21000,2150,1935,2080,240000
2000-09-19,0,20550,2150,2000,2000,59000
2000-09-20,0,20900,2135,2000,2000,123000
2000-09-21,0,20500,2140,2000,2140,118000
2000-09-22,0,20000,2080,2000,2020,129000
2000-09-25,0,21000,2140,2015,2015,50000
2000-09-26,0,20750,2140,2050,2050,24000
2000-09-27,0,21800,2190,2050,2090,49000
2000-09-28,0,21450,2180,2080,2180,66000
2000-09-29,0,21500,2220,2090,2150,42000
2000-10-02,0,21800,2220,2120,2120,126000
2000-10-03,0,21800,2180,2180,2180,0
2000-10-04,0,22400,2240,2120,2120,97000
2000-10-05,0,23500,2470,2200,2200,390000
2000-10-06,0,24000,2450,2310,2310,120000
2000-10-09,0,23500,2480,2350,2360,219000
2000-10-10,0,23900,2400,2320,2320,215000
2000-10-11,0,24000,2500,2350,2450,357000
2000-10-12,0,23700,2460,2360,2460,81000
2000-10-13,0,24350,2435,2330,2370,235000
2000-10-16,0,24350,2435,2435,2435,0
2000-10-17,0,25300,2615,2530,2545,322000
2000-10-18,0,25350,2580,2460,2500,159000
2000-10-19,0,25850,2615,2535,2535,130000
2000-10-20,0,26750,2720,2585,2585,319000
2000-10-23,0,26000,2680,2545,2640,290000
2000-10-24,0,26800,2700,2570,2570,233000
2000-10-25,0,26400,2695,2625,2695,126000
2000-10-26,0,26000,2620,2580,2580,182000
2000-10-27,0,26000,2600,2600,2600,0
2000-10-30,0,27300,2810,2705,2710,122000
2000-10-31,0,27100,2750,2520,2730,94000
2000-11-01,0,27000,2760,2690,2710,200000
2000-11-02,0,27400,2750,2695,2700,106000
2000-11-03,0,27400,2760,2710,2710,113000
2000-11-06,0,27600,2790,2740,2750,97000
2000-11-07,0,27500,2760,2700,2740,146000
2000-11-08,0,29500,2950,2710,2710,287000
2000-11-09,0,29300,3090,2810,2900,417000
2000-11-10,0,29300,2930,2855,2890,117000
2000-11-13,0,28400,3030,2800,2860,307000
2000-11-14,0,28700,2870,2810,2810,35000
2000-11-15,0,28200,2910,2760,2810,115000
2000-11-16,0,28450,2850,2760,2760,161000
2000-11-17,0,28000,2845,2790,2825,86000
2000-11-20,0,26700,2810,2670,2800,122000
2000-11-21,0,26600,2700,2270,2610,166000
2000-11-22,0,25900,2660,2560,2580,95000
2000-11-23,0,23700,2600,2370,2510,88000
2000-11-24,0,23950,2420,2280,2340,96000
2000-11-27,0,23800,2440,2210,2210,116000
2000-11-28,0,24000,2470,2400,2415,116000
2000-11-29,0,24000,2420,2340,2410,73000
2000-11-30,0,24500,2500,2360,2500,75000
2000-12-01,0,25300,2530,2410,2420,79000
2000-12-04,0,25200,2600,2450,2530,68000
2000-12-05,0,25300,2550,2485,2520,93000
2000-12-06,0,26400,2680,2530,2550,173000
2000-12-07,0,26250,2690,2600,2630,150000
2000-12-08,0,26300,2690,2580,2625,113000
2000-12-11,0,26000,2660,2580,2605,79000
2000-12-12,0,26150,2630,2590,2610,131000
2000-12-13,0,27400,2750,2600,2600,239000
2000-12-14,0,27500,2750,2680,2680,76000
2000-12-15,0,27600,2800,2710,2710,64000
2000-12-18,0,26850,2800,2670,2730,123000
2000-12-19,0,27350,2760,2600,2690,568000
2000-12-20,0,27000,2760,2675,2710,231000
2000-12-21,0,26400,2700,2600,2700,196000
2000-12-22,0,26100,2670,2580,2610,162000
2000-12-26,0,25650,2620,2555,2610,265000
2001-01-02,0,26150,2620,2500,2500,86000
2001-01-03,0,28400,2855,2570,2570,333000
2001-01-04,0,28700,2980,2800,2890,389000
2001-01-05,0,28000,2900,2770,2810,270000
2001-01-08,0,27500,2840,2700,2800,190000
2001-01-09,0,27250,2750,2675,2715,166000
2001-01-10,0,26550,2750,2650,2740,824000
2001-01-11,0,28600,2880,2615,2615,685000
2001-01-12,0,28600,2900,2775,2900,314000
2001-01-15,0,26400,2840,2570,2820,764000
2001-01-16,0,24150,2610,2415,2610,501000
2001-01-17,0,23700,2540,2310,2480,277000
2001-01-18,0,23700,2435,2310,2310,279000
2001-01-19,0,24000,2465,2350,2350,166000
2001-01-22,0,24000,2435,2365,2370,265000
2001-01-26,0,23650,2430,2350,2430,223000
2001-01-29,0,23900,2425,2365,2375,255000
2001-01-30,0,23350,2400,2280,2370,291000
2001-01-31,0,24300,2490,2310,2310,844000
2001-02-01,0,23500,2450,2335,2390,381000
2001-02-02,0,23050,2380,2305,2350,305000
2001-02-05,0,21500,2315,2060,2315,451000
2001-02-06,0,21000,2150,2050,2150,727000
2001-02-07,0,20150,2080,1980,2065,767000
2001-02-08,0,22500,2290,2035,2050,864000
2001-02-09,0,21400,2250,2130,2170,541000
2001-02-12,0,20900,2150,2080,2150,354000
2001-02-13,0,20900,2130,2070,2090,393000
2001-02-14,0,21050,2125,2070,2070,300000
2001-02-15,0,20900,2120,2075,2080,312000
2001-02-16,0,20750,2095,2040,2080,406000
2001-02-19,0,20750,2085,2040,2050,247000
2001-02-20,0,21500,2150,2035,2045,452000
2001-02-21,0,21150,2150,2090,2150,279000
2001-02-22,0,20350,2100,2025,2090,300000
2001-02-23,0,20600,2090,2020,2020,197000
2001-02-26,0,21950,2295,2090,2100,1054000
2001-02-27,0,21100,2220,2110,2200,459000
2001-02-28,0,20800,2140,2050,2100,322000
2001-03-02,0,21000,2150,2055,2080,365000
2001-03-05,0,21700,2220,2105,2105,391000
2001-03-06,0,21450,2180,2115,2170,207000
2001-03-07,0,21000,2160,2075,2150,212000
2001-03-08,0,21500,2150,2070,2070,379000
2001-03-09,0,21400,2185,2100,2130,466000
2001-03-12,0,20800,2140,2080,2100,291000
2001-03-13,0,19500,2050,1950,2030,338000
2001-03-15,0,19200,1940,1850,1905,492000
2001-03-16,0,18800,1950,1870,1950,224000
2001-03-19,0,18600,1895,1830,1860,265000
2001-03-20,0,19000,1945,1850,1890,365000
2001-03-21,0,18900,1890,1830,1830,172000
2001-03-22,0,18600,1940,1860,1940,122000
2001-03-23,0,18750,1895,1860,1875,131000
2001-03-26,0,19500,1950,1875,1900,231000
2001-03-27,0,19450,1980,1910,1965,162000
2001-03-28,0,18700,1945,1870,1945,115000
2001-03-29,0,18500,1880,1850,1860,88000
2001-03-30,0,18000,1880,1785,1850,106000
2001-04-02,0,17100,1810,1710,1810,210000
2001-04-03,0,16150,1710,1600,1700,267000
2001-04-04,0,16400,1695,1535,1570,225000
2001-04-06,0,16700,1710,1670,1690,128000
2001-04-09,0,15950,1650,1590,1640,86000
2001-04-10,0,15950,1615,1560,1560,51000
2001-04-11,0,17100,1770,1610,1610,188000
2001-04-12,0,17050,1740,1685,1730,120000
2001-04-13,0,17250,1780,1725,1730,165000
2001-04-16,0,17250,1775,1705,1705,126000
2001-04-17,0,17200,1750,1710,1720,97000
2001-04-18,0,18350,1835,1730,1730,304000
2001-04-19,0,17800,1920,1780,1840,257000
2001-04-20,0,18300,1855,1785,1835,159000
2001-04-23,0,18200,1830,1780,1790,124000
2001-04-24,0,17600,1810,1760,1785,71000
2001-04-25,0,17750,1795,1750,1780,70000
2001-04-26,0,17750,1795,1750,1780,70000
2001-04-27,0,17050,1760,1705,1730,56000
2001-04-30,0,17500,1750,1705,1730,166000
2001-05-02,0,18400,1930,1770,1930,259000
2001-05-03,0,18000,1860,1800,1860,79000
2001-05-04,0,17900,1800,1760,1800,113000
2001-05-08,0,18100,1825,1785,1800,90000
2001-05-09,0,17700,1810,1765,1800,81000
2001-05-10,0,17800,1780,1750,1750,64000
2001-05-11,0,17700,1780,1760,1765,94000
2001-05-14,0,17850,1810,1765,1765,89000
2001-05-15,0,18000,1800,1760,1800,86000
2001-05-16,0,18400,1860,1805,1825,251000
2001-05-17,0,19800,2040,1840,1840,571000
2001-05-18,0,19550,2050,1910,2000,361000
2001-05-21,0,20500,2050,1960,1960,423000
2001-05-22,0,19800,2070,1970,2070,205000
2001-05-23,0,19550,2050,1930,1990,216000
2001-05-24,0,19500,1970,1930,1930,76000
2001-05-25,0,19800,2000,1915,2000,143000
2001-05-28,0,19300,1980,1930,1980,65000
2001-05-29,0,19100,1940,1905,1905,161000
2001-05-30,0,19100,1935,1880,1880,74000
2001-05-31,0,18800,1900,1860,1900,87000
2001-06-01,0,19500,1975,1885,1885,244000
2001-06-04,0,19500,1995,1930,1950,230000
2001-06-05,0,19100,2000,1910,2000,203000
2001-06-07,0,19400,1970,1910,1910,234000
2001-06-08,0,19600,1985,1925,1925,222000
2001-06-11,0,19700,1970,1935,1970,115000
2001-06-12,0,19700,2030,1960,1970,183000
2001-06-13,0,19800,2000,1970,1970,120000
2001-06-14,0,20500,2100,1975,1975,525000
2001-06-15,0,20600,2090,2020,2035,357000
2001-06-18,0,20700,2150,2030,2060,409000
2001-06-19,0,20900,2130,2070,2120,366000
2001-06-20,0,19800,2110,1980,2090,236000
2001-06-21,0,19600,2020,1940,1980,123000
2001-06-22,0,19500,1970,1920,1940,182000
2001-06-25,0,19000,1950,1890,1930,164000
2001-06-26,0,18700,1920,1835,1910,131000
2001-06-27,0,17800,1890,1750,1875,242000
2001-06-28,0,17700,1830,1770,1790,130000
2001-06-29,0,19200,1960,1790,1800,268000
2001-07-02,0,18850,1930,1860,1900,69000
2001-07-03,0,18300,1895,1820,1895,107000
2001-07-04,0,18400,1860,1810,1810,52000
2001-07-05,0,18300,1860,1805,1845,36000
2001-07-06,0,17950,1830,1760,1780,67000
2001-07-09,0,16800,1760,1660,1755,127000
2001-07-10,0,17000,1725,1685,1685,31000
2001-07-11,0,16950,1695,1650,1680,50000
2001-07-12,0,17750,1775,1675,1675,91000
2001-07-13,0,17000,1780,1700,1780,55000
2001-07-16,0,16650,1715,1635,1650,107000
2001-07-18,0,16000,1670,1600,1610,88000
2001-07-19,0,16000,1605,1545,1555,80000
2001-07-20,0,16000,1605,1570,1605,20000
2001-07-23,0,14100,1600,1410,1600,186000
2001-07-24,0,14300,1465,1350,1390,93000
2001-07-25,0,14300,1430,1370,1405,96000
2001-07-26,0,14850,1490,1430,1430,88000
2001-07-27,0,14850,1510,1480,1485,63000
2001-07-30,0,14300,1520,1420,1480,68000
2001-07-31,0,14400,1450,1405,1445,107000
2001-08-01,0,14800,1530,1440,1450,115000
2001-08-02,0,14700,1500,1460,1480,61000
2001-08-03,0,14850,1500,1470,1470,87000
2001-08-06,0,14850,1520,1475,1485,59000
2001-08-07,0,14950,1600,1480,1580,203000
2001-08-08,0,15200,1580,1520,1520,224000
2001-08-09,0,16100,1670,1530,1540,607000
2001-08-10,0,16000,1680,1560,1670,220000
2001-08-13,0,16400,1750,1610,1610,615000
2001-08-14,0,16350,1700,1600,1700,241000
2001-08-16,0,15700,1610,1545,1545,119000
2001-08-17,0,15650,1610,1560,1560,154000
2001-08-20,0,15100,1560,1510,1530,80000
2001-08-21,0,15000,1520,1470,1520,84000
2001-08-22,0,15050,1525,1485,1500,97000
2001-08-23,0,15100,1540,1510,1515,53000
2001-08-24,0,15000,1545,1480,1535,72000
2001-08-27,0,15100,1530,1490,1500,57000
2001-08-28,0,16000,1600,1520,1525,346000
2001-08-29,0,15150,1610,1515,1610,134000
2001-08-30,0,14850,1500,1465,1495,87000
2001-08-31,0,14300,1490,1370,1450,127000
2001-09-03,0,13800,1435,1380,1430,71000
2001-09-04,0,14300,1430,1390,1390,50000
2001-09-05,0,14500,1470,1410,1435,87000
2001-09-06,0,15100,1510,1435,1435,78000
2001-09-07,0,14800,1520,1450,1485,82000
2001-09-10,0,14350,1470,1430,1455,34000
2001-09-11,0,14450,1465,1425,1455,34000
2001-09-12,0,12300,1230,1230,1230,114000
2001-09-13,0,12000,1290,1170,1210,258000
2001-09-14,0,10300,1230,1020,1230,407000
2001-09-17,0,9090,1040,909,1040,211000
2001-09-18,0,9700,989,920,920,196000
2001-09-19,0,10150,1025,950,950,132000
2001-09-20,0,9600,1025,953,970,90000
2001-09-21,0,9500,955,925,945,49000
2001-09-25,0,9700,1040,950,990,164000
2001-09-26,0,9470,976,946,954,91000
2001-09-27,0,9700,972,947,948,73000
2001-10-04,0,11050,1110,1050,1050,176000
2001-10-05,0,11200,1140,1100,1140,147000
2001-10-08,0,11700,1180,1080,1100,126000
2001-10-09,0,11800,1215,1170,1185,110000
2001-10-10,0,11500,1180,1125,1180,105000
2001-10-11,0,12200,1245,1180,1180,139000
2001-10-12,0,12500,1270,1210,1235,154000
2001-10-15,0,12800,1290,1230,1280,104000
2001-10-16,0,12600,1300,1250,1260,77000
2001-10-17,0,12750,1295,1240,1270,81000
2001-10-18,0,12600,1300,1250,1250,43000
2001-10-19,0,12600,1285,1235,1280,49000
2001-10-22,0,12400,1250,1205,1250,127000
2001-10-23,0,12300,1255,1230,1230,112000
2001-10-24,0,12250,1230,1200,1210,105000
2001-10-25,0,12200,1235,1200,1230,79000
2001-10-26,0,12250,1245,1200,1230,54000
2001-10-29,0,12050,1230,1205,1230,56000
2001-10-30,0,12000,1225,1175,1215,34000
2001-10-31,0,11800,1190,1150,1150,24000
2001-11-01,0,11950,1200,1160,1170,110000
2001-11-02,0,11850,1220,1185,1190,67000
2001-11-05,0,12100,1210,1200,1200,87000
2001-11-06,0,12300,1235,1215,1230,147000
2001-11-07,0,12200,1245,1200,1240,107000
2001-11-08,0,12500,1270,1220,1220,205000
2001-11-12,0,13800,1395,1335,1340,365000
2001-11-13,0,14200,1450,1360,1400,278000
2001-11-14,0,14300,1445,1380,1420,301000
2001-11-15,0,13950,1440,1380,1440,124000
2001-11-16,0,14050,1415,1370,1395,206000
2001-11-19,0,14500,1450,1380,1380,307000
2001-11-20,0,14900,1545,1470,1545,272000
2001-11-21,0,15000,1530,1455,1455,116000
2001-11-22,0,15000,1520,1460,1465,182000
2001-11-23,0,15050,1540,1480,1510,179000
2001-11-26,0,16100,1640,1490,1515,424000
2001-11-27,0,15700,1640,1570,1640,142000
2001-11-28,0,14400,1580,1440,1530,134000
2001-11-29,0,14950,1495,1370,1370,161000
2001-11-30,0,14800,1515,1465,1465,125000
2001-12-03,0,14600,1510,1440,1460,348000
2001-12-04,0,14450,1470,1430,1460,108000
2001-12-05,0,14300,1485,1420,1420,152000
2001-12-06,0,14250,1480,1355,1480,239000
2001-12-07,0,14300,1435,1390,1420,141000
2001-12-10,0,13850,1435,1350,1430,369000
2001-12-11,0,14050,1410,1340,1365,163000
2001-12-12,0,13900,1430,1370,1430,108000
2001-12-13,0,14000,1400,1375,1390,192000
2001-12-14,0,14200,1425,1375,1380,221000
2001-12-17,0,13950,1420,1370,1420,327000
2001-12-18,0,13800,1415,1375,1375,267000
2001-12-19,0,13550,1410,1350,1375,124000
2001-12-20,0,13500,1375,1330,1330,36000
2001-12-21,0,13400,1370,1330,1330,90000
2001-12-24,0,13650,1370,1325,1340,84000
2001-12-26,0,13850,1390,1365,1365,76000
2001-12-27,0,13400,1375,1300,1300,13000
2001-12-28,0,13300,1360,1300,1360,115000
2002-01-02,0,13200,1345,1310,1330,135000
2002-01-04,0,13150,1330,1290,1300,141000
2002-01-07,0,12850,1305,1275,1300,218000
2002-01-08,0,12750,1305,1275,1290,102000
2002-01-09,0,12650,1295,1255,1275,97000
2002-01-10,0,12700,1280,1240,1270,122000
2002-01-11,0,13100,1350,1260,1275,138000
2002-01-14,0,13600,1400,1325,1350,153000
2002-01-15,0,13050,1350,1300,1320,55000
2002-01-16,0,13000,1320,1285,1295,90000
2002-01-17,0,12600,1300,1245,1300,120000
2002-01-18,0,12700,1270,1235,1260,71000
2002-01-21,0,12650,1310,1250,1250,67000
2002-01-22,0,12650,1285,1250,1255,87000
2002-01-23,0,12750,1285,1250,1285,74000
2002-01-24,0,12750,1290,1255,1285,130000
2002-01-25,0,12950,1325,1260,1260,201000
2002-01-28,0,13200,1340,1295,1340,165000
2002-01-29,0,13400,1345,1315,1340,118000
2002-01-30,0,13000,1320,1275,1320,76000
2002-02-01,0,13800,1430,1345,1350,646000
2002-02-04,0,13500,1430,1350,1420,592000
2002-02-05,0,13050,1350,1275,1350,374000
2002-02-06,0,13000,1320,1270,1280,411000
2002-02-07,0,12750,1315,1275,1280,213000
2002-02-08,0,12750,1280,1255,1270,122000
2002-02-14,0,13100,1345,1270,1270,236000
2002-02-15,0,13450,1350,1305,1340,152000
2002-02-18,0,13250,1345,1310,1330,200000
2002-02-19,0,13800,1410,1305,1335,559000
2002-02-20,0,14300,1485,1365,1380,1202000
2002-02-21,0,14750,1525,1455,1480,1142000
2002-02-22,0,14500,1520,1430,1495,459000
2002-02-25,0,14700,1490,1450,1470,372000
2002-02-26,0,15200,1560,1480,1480,990000
2002-02-27,0,14550,1545,1435,1530,553000
2002-02-28,0,14700,1485,1420,1460,439000
2002-03-04,0,14700,1520,1455,1495,463000
2002-03-05,0,14400,1500,1430,1470,386000
2002-03-06,0,14500,1460,1425,1440,210000
2002-03-07,0,14150,1450,1410,1450,415000
2002-03-08,0,14300,1445,1400,1405,213000
2002-03-11,0,14500,1465,1415,1455,156000
2002-03-12,0,14550,1475,1430,1470,295000
2002-03-13,0,14550,1495,1450,1470,424000
2002-03-14,0,14600,1475,1440,1470,282000
2002-03-15,0,15150,1550,1460,1460,809000
2002-03-18,0,15850,1595,1510,1525,1004000
2002-03-19,0,16400,1640,1530,1600,718000
2002-03-20,0,16550,1770,1640,1665,2057000
2002-03-21,0,15750,1630,1570,1610,450000
2002-03-22,0,15400,1610,1535,1580,417000
2002-03-25,0,15150,1575,1515,1550,373000
2002-03-26,0,14850,1525,1480,1520,356000
2002-03-27,0,15300,1565,1490,1520,408000
2002-03-28,0,16800,1750,1535,1540,1580000
2002-03-29,0,16750,1710,1620,1680,492000
2002-04-01,0,15900,1655,1580,1650,341000
2002-04-02,0,15800,1610,1530,1560,199000
2002-04-03,0,15900,1655,1565,1655,222000
2002-04-04,0,15700,1600,1550,1580,336000
2002-04-08,0,16200,1620,1570,1590,351000
2002-04-09,0,15800,1650,1580,1640,373000
2002-04-10,0,14700,1600,1450,1570,409000
2002-04-11,0,14500,1490,1440,1450,245000
2002-04-12,0,14200,1460,1400,1425,180000
2002-04-15,0,14600,1460,1425,1440,162000
2002-04-16,0,14600,1510,1430,1430,147000
2002-04-17,0,14650,1495,1460,1460,210000
2002-04-18,0,14350,1480,1435,1480,190000
2002-04-19,0,14000,1450,1400,1430,264000
2002-04-22,0,13350,1430,1330,1405,224000
2002-04-23,0,13250,1360,1300,1335,132000
2002-04-24,0,13050,1345,1305,1330,135000
2002-04-25,0,12300,1300,1210,1300,158000
2002-04-26,0,12600,1300,1215,1215,71000
2002-04-29,0,12200,1245,1215,1235,55000
2002-04-30,0,11800,1230,1180,1215,113000
2002-05-02,0,12200,1245,1200,1200,93000
2002-05-03,0,12500,1285,1220,1240,125000
2002-05-06,0,12500,1260,1225,1250,51000
2002-05-07,0,12350,1245,1210,1210,83000
2002-05-08,0,12350,1280,1235,1280,91000
2002-05-09,0,12600,1280,1250,1260,145000
2002-05-10,0,12500,1260,1230,1250,40000
2002-05-13,0,12200,1240,1210,1210,110000
2002-05-14,0,12400,1250,1230,1235,35000
2002-05-15,0,12500,1260,1230,1240,137000
2002-05-16,0,12550,1275,1235,1250,73000
2002-05-17,0,12850,1310,1250,1255,181000
2002-05-20,0,12900,1315,1280,1290,44000
2002-05-21,0,12350,1295,1235,1260,109000
2002-05-22,0,12500,1250,1210,1210,43000
2002-05-23,0,12150,1260,1215,1240,49000
2002-05-24,0,12350,1235,1210,1210,56000
2002-05-27,0,12200,1245,1210,1230,28000
2002-05-28,0,12050,1230,1200,1220,35000
2002-05-29,0,11950,1210,1180,1205,80000
2002-05-30,0,11800,1195,1160,1160,75000
2002-05-31,0,11650,1200,1165,1195,32000
2002-06-03,0,11650,1180,1160,1165,32000
2002-06-04,0,11400,1165,1130,1150,45000
2002-06-05,0,11550,1180,1145,1145,33000
2002-06-07,0,11250,1150,1125,1130,41000
2002-06-10,0,11400,1150,1130,1150,18000
2002-06-11,0,11350,1150,1130,1150,14000
2002-06-12,0,13050,1305,1125,1125,149000
2002-06-14,0,12500,1255,1210,1250,98000
2002-06-17,0,11800,1260,1180,1250,88000
2002-06-18,0,11650,1205,1165,1205,41000
2002-06-19,0,11350,1175,1130,1165,95000
2002-06-20,0,11450,1145,1100,1105,63000
2002-06-21,0,11300,1145,1115,1115,53000
2002-06-24,0,11650,1220,1070,1105,226000
2002-06-25,0,11900,1225,1135,1150,201000
2002-06-26,0,10700,1190,1070,1190,106000
2002-06-27,0,10950,1115,1080,1080,27000
2002-06-28,0,11350,1150,1120,1150,68000
2002-07-02,0,11350,1150,1090,1135,111000
2002-07-03,0,11500,1155,1100,1135,93000
2002-07-04,0,11500,1175,1150,1155,101000
2002-07-05,0,12950,1295,1155,1170,449000
2002-07-08,0,12650,1360,1230,1315,372000
2002-07-09,0,12800,1295,1230,1280,139000
2002-07-10,0,12650,1275,1230,1265,112000
2002-07-11,0,11500,1230,1150,1230,200000
2002-07-12,0,11900,1205,1175,1175,73000
2002-07-15,0,11550,1195,1140,1195,113000
2002-07-16,0,11500,1170,1135,1155,24000
2002-07-18,0,11450,1180,1130,1130,24000
2002-07-19,0,11150,1130,1100,1130,116000
2002-07-22,0,10550,1095,1050,1090,45000
2002-07-23,0,10950,1095,1020,1055,74000
2002-07-24,0,10450,1065,1025,1050,81000
2002-07-25,0,10500,1095,1050,1060,63000
2002-07-26,0,10100,1090,1000,1045,109000
2002-07-29,0,10000,1045,1000,1045,77000
2002-07-30,0,10400,1070,1020,1040,58000
2002-07-31,0,10150,1060,1015,1035,53000
2002-08-01,0,10150,1040,1015,1015,57000
2002-08-02,0,10200,1025,1000,1015,29000
2002-08-05,0,10000,1035,1000,1030,60000
2002-08-06,0,10150,1095,960,960,145000
2002-08-07,0,10150,1070,1015,1070,64000
2002-08-08,0,9940,1030,994,1025,126000
2002-08-09,0,10100,1040,1010,1025,77000
2002-08-12,0,10100,1025,1010,1020,19000
2002-08-13,0,10400,1040,995,1015,92000
2002-08-14,0,10250,1040,1020,1020,64000
2002-08-16,0,10500,1055,1040,1045,98000
2002-08-19,0,10500,1065,1040,1065,35000
2002-08-20,0,10650,1080,1050,1050,87000
2002-08-21,0,10700,1070,1055,1060,77000
2002-08-22,0,10650,1080,1060,1070,60000
2002-08-26,0,10650,1090,1060,1070,82000
2002-08-27,0,10600,1070,1030,1065,78000
2002-08-28,0,10600,1060,1040,1060,27000
2002-08-29,0,10550,1060,1035,1035,35000
2002-08-30,0,10600,1060,1030,1040,77000
2002-09-02,0,10700,1075,1060,1075,52000
2002-09-03,0,10700,1085,1060,1080,60000
2002-09-04,0,10400,1065,1030,1055,54000
2002-09-05,0,10600,1075,1050,1050,76000
2002-09-06,0,11000,1110,1060,1065,156000
2002-09-09,0,10700,1145,1070,1145,92000
2002-09-10,0,10600,1080,1050,1070,25000
2002-09-11,0,11000,1120,1055,1060,144000
2002-09-12,0,10650,1125,1065,1100,229000
2002-09-13,0,10450,1070,1045,1070,107000
2002-09-16,0,10450,1065,1030,1040,87000
2002-09-17,0,10600,1060,1045,1050,65000
2002-09-18,0,10250,1050,1025,1035,53000
2002-09-19,0,10200,1050,1020,1050,37000
2002-09-23,0,10500,1075,1000,1010,69000
2002-09-24,0,10200,1050,1010,1025,37000
2002-09-25,0,10100,1030,1000,1030,46000
2002-09-26,0,10000,1030,995,1015,38000
2002-09-27,0,10400,1080,1010,1020,202000
2002-09-30,0,10000,1025,991,1020,92000
2002-10-01,0,10200,1020,981,1000,71000
2002-10-02,0,10150,1060,1005,1020,98000
2002-10-03,0,10150,1015,1015,1015,0
2002-10-04,0,10200,1045,1010,1040,62000
2002-10-07,0,9960,1040,990,1010,63000
2002-10-08,0,10200,1030,999,1020,61000
2002-10-09,0,9770,1035,975,1015,125000
2002-10-10,0,8750,994,875,990,141000
2002-10-11,0,9230,930,908,920,73000
2002-10-14,0,9400,950,925,950,44000
2002-10-15,0,9360,960,925,946,55000
2002-10-16,0,9600,969,942,942,46000
2002-10-17,0,9550,974,943,974,6000
2002-10-18,0,9950,1005,957,957,112000
2002-10-21,0,9830,1000,975,995,36000
2002-10-22,0,9700,995,945,986,40000
2002-10-23,0,9740,986,955,955,13000
2002-10-24,0,9600,984,960,975,21000
2002-10-25,0,9550,958,940,940,21000
2002-10-28,0,9610,979,955,962,30000
2002-10-29,0,9590,978,957,978,20000
2002-10-30,0,9470,957,945,957,18000
2002-10-31,0,9520,969,951,951,7000
2002-11-01,0,9500,952,931,952,30000
2002-11-04,0,9550,960,947,950,46000
2002-11-05,0,9540,959,941,959,13000
2002-11-06,0,9600,969,949,956,42000
2002-11-07,0,9620,1000,960,960,67000
2002-11-08,0,9600,967,948,948,20000
2002-11-11,0,9500,960,950,960,32000
2002-11-12,0,9500,957,945,945,47000
2002-11-13,0,9680,968,950,950,36000
2002-11-14,0,9700,973,950,969,73000
2002-11-15,0,9570,988,957,964,24000
2002-11-18,0,9490,979,940,975,52000
2002-11-19,0,9610,962,945,950,63000
2002-11-20,0,9640,970,957,957,39000
2002-11-21,0,9660,978,962,962,48000
2002-11-22,0,9700,978,969,975,80000
2002-11-25,0,9800,980,964,964,56000
2002-11-26,0,9750,979,966,973,51000
2002-11-27,0,9800,983,962,962,59000
2002-11-28,0,10000,1020,986,991,161000
2002-11-29,0,10100,1010,995,1000,27000
2002-12-02,0,10100,1010,1010,1010,0
2002-12-03,0,10500,1050,1025,1025,45000
2002-12-04,0,10250,1040,1010,1040,64000
2002-12-05,0,10250,1040,1025,1025,16000
2002-12-06,0,10050,1025,1005,1025,29000
2002-12-09,0,10050,1020,1000,1020,25000
2002-12-10,0,9920,1005,990,990,24000
2002-12-11,0,9930,998,986,993,15000
2002-12-12,0,10300,1030,988,995,109000
2002-12-13,0,10050,1020,1000,1020,43000
2002-12-16,0,9950,1005,995,999,54000
2002-12-17,0,10050,1005,995,1005,32000
2002-12-18,0,10050,1010,997,1005,33000
2002-12-19,0,10050,1005,1005,1005,0
2002-12-20,0,10000,1010,991,1010,19000
2002-12-23,0,9900,1005,990,1005,94000
2002-12-24,0,9920,999,977,990,45000
2002-12-25,0,9920,992,992,992,0
2002-12-26,0,9940,997,980,988,61000
2002-12-27,0,9340,970,920,970,68000
2002-12-30,0,8560,938,854,938,57000
2002-12-31,0,8560,856,856,856,0
2003-01-01,0,8560,856,856,856,0
2003-01-02,0,8850,885,856,856,9000
2003-01-03,0,8970,919,885,919,29000
2003-01-06,0,8900,904,877,904,24000
2003-01-07,0,8770,894,877,885,72000
2003-01-08,0,8760,880,867,870,36000
2003-01-09,0,8550,882,855,869,34000
2003-01-10,0,8500,883,845,869,38000
2003-01-13,0,8450,850,832,850,40000
2003-01-14,0,8520,854,835,840,6000
2003-01-15,0,8550,861,847,860,48000
2003-01-16,0,8480,853,837,842,63000
2003-01-17,0,8470,852,840,845,9000
2003-01-20,0,8300,840,826,840,99000
2003-01-21,0,8180,826,814,826,45000
2003-01-22,0,7850,816,784,806,65000
2003-01-23,0,8000,800,782,799,25000
2003-01-24,0,7900,800,785,800,4000
2003-01-27,0,7570,789,756,770,28000
2003-01-28,0,7460,762,725,757,11000
2003-01-29,0,7520,840,738,759,22000
2003-01-30,0,7570,763,742,743,7000
2003-01-31,0,7570,757,757,757,0
2003-02-03,0,7700,779,742,742,11000
2003-02-04,0,7700,770,760,761,4000
2003-02-05,0,7660,769,752,756,29000
2003-02-06,0,7650,766,755,765,4000
2003-02-07,0,7590,764,741,751,17000
2003-02-10,0,7530,759,739,757,18000
2003-02-11,0,7480,757,737,756,6000
2003-02-12,0,7390,753,739,748,24000
2003-02-13,0,7340,751,734,737,8000
2003-02-14,0,7410,741,722,734,19000
2003-02-17,0,7690,785,752,785,22000
2003-02-18,0,7680,768,754,767,9000
2003-02-19,0,7520,770,752,768,34000
2003-02-20,0,7590,763,759,762,11000
2003-02-21,0,7490,758,748,752,32000
2003-02-24,0,7750,775,761,768,120000
2003-02-25,0,7570,770,757,770,27000
2003-02-26,0,7860,820,758,760,49000
2003-02-27,0,7760,785,760,785,26000
2003-02-28,0,7610,777,759,777,31000
2003-03-03,0,7640,767,755,757,6000
2003-03-04,0,7570,763,746,753,12000
2003-03-05,0,7400,740,739,740,17000
2003-03-06,0,7260,740,726,740,23000
2003-03-07,0,6990,719,680,716,73000
2003-03-10,0,6980,700,659,690,34000
2003-03-11,0,6590,681,656,681,37000
2003-03-12,0,6800,723,670,670,9000
2003-03-13,0,6640,699,655,667,60000
2003-03-14,0,6720,699,670,682,77000
2003-03-17,0,6400,670,640,657,39000
2003-03-18,0,6410,674,632,655,52000
2003-03-19,0,6570,682,643,643,27000
2003-03-20,0,6970,704,657,668,47000
2003-03-21,0,6820,700,676,687,48000
2003-03-24,0,6960,700,686,690,40000
2003-03-25,0,6750,689,672,672,38000
2003-03-26,0,6860,695,681,687,26000
2003-03-27,0,6920,700,678,700,5000
2003-03-28,0,6860,699,682,682,9000
2003-03-31,0,6840,686,670,686,15000
2003-04-01,0,6750,684,668,680,39000
2003-04-02,0,6840,684,672,672,15000
2003-04-03,0,6950,703,689,689,23000
2003-04-04,0,7100,710,687,693,53000
2003-04-07,0,7400,741,715,734,51000
2003-04-08,0,7380,742,717,722,50000
2003-04-09,0,7370,738,713,738,36000
2003-04-10,0,7480,748,720,720,52000
2003-04-11,0,7640,776,734,734,58000
2003-04-14,0,7690,774,752,761,48000
2003-04-15,0,7750,795,768,795,81000
2003-04-16,0,8350,837,774,774,163000
2003-04-17,0,8240,830,806,830,20000
2003-04-18,0,8440,890,813,813,68000
2003-04-21,0,8300,849,814,830,18000
2003-04-22,0,8190,831,802,816,35000
2003-04-23,0,8200,828,810,819,14000
2003-04-24,0,8180,820,803,805,30000
2003-04-25,0,8200,830,808,819,177000
2003-04-28,0,8470,848,820,848,112000
2003-04-29,0,8510,867,839,867,49000
2003-04-30,0,8500,870,844,852,67000
2003-05-01,0,8500,850,850,850,0
2003-05-02,0,8540,860,850,860,60000
2003-05-05,0,8540,854,854,854,0
2003-05-06,0,8650,867,852,852,15000
2003-05-07,0,8580,867,845,860,52000
2003-05-08,0,8580,858,858,858,0
2003-05-09,0,8590,859,850,855,87000
2003-05-12,0,8730,882,859,859,21000
2003-05-13,0,8750,884,861,874,18000
2003-05-14,0,8950,899,860,873,61000
2003-05-15,0,8990,899,874,890,62000
2003-05-16,0,9130,918,899,918,57000
2003-05-19,0,9100,921,905,913,63000
2003-05-20,0,9560,958,902,902,97000
2003-05-21,0,9640,968,951,951,28000
2003-05-22,0,9620,977,950,964,52000
2003-05-23,0,9900,997,955,955,115000
2003-05-26,0,10150,1020,990,1010,56000
2003-05-27,0,9980,1035,972,1035,98000
2003-05-28,0,9980,1020,990,990,53000
2003-05-29,0,10400,1040,985,998,221000
2003-05-30,0,10650,1065,1020,1020,79000
2003-06-02,0,10650,1070,1040,1050,420000
2003-06-03,0,10800,1080,1050,1060,148000
2003-06-04,0,10950,1095,1005,1050,126000
2003-06-05,0,11000,1100,1080,1100,68000
2003-06-06,0,11000,1100,1100,1100,0
2003-06-09,0,11350,1135,1080,1080,71000
2003-06-10,0,11550,1165,1135,1135,44000
2003-06-11,0,11050,1170,1105,1160,138000
2003-06-12,0,10650,1135,1065,1135,159000
2003-06-13,0,10850,1085,1060,1060,87000
2003-06-16,0,10800,1085,1060,1070,49000
2003-06-17,0,11000,1130,1085,1090,60000
2003-06-18,0,11100,1125,1070,1080,93000
2003-06-19,0,11250,1135,1100,1120,73000
2003-06-20,0,11200,1135,1105,1135,159000
2003-06-23,0,11300,1130,1100,1100,134000
2003-06-24,0,10000,1110,981,1110,686000
2003-06-25,0,10550,1055,1005,1020,337000
2003-06-26,0,10750,1075,1025,1025,85000
2003-06-27,0,11000,1100,1060,1060,99000
2003-06-30,0,11200,1120,1055,1055,49000
2003-07-01,0,11400,1145,1110,1115,67000
2003-07-02,0,11650,1170,1145,1145,47000
2003-07-03,0,11750,1190,1115,1190,57000
2003-07-04,0,11350,1165,1110,1110,21000
2003-07-07,0,11050,1150,1095,1110,36000
2003-07-08,0,10600,1110,1050,1110,94000
2003-07-09,0,10800,1080,1020,1050,67000
2003-07-10,0,10800,1095,1055,1055,81000
2003-07-11,0,10900,1090,1055,1055,21000
2003-07-14,0,10650,1125,1065,1065,25000
2003-07-15,0,10600,1080,1060,1065,27000
2003-07-16,0,10450,1050,1025,1045,11000
2003-07-17,0,10450,1045,1045,1045,0
2003-07-18,0,10600,1060,1025,1025,32000
2003-07-21,0,10900,1090,1050,1050,67000
2003-07-22,0,10900,1090,1070,1090,31000
2003-07-23,0,10500,1080,1050,1070,6000
2003-07-24,0,10300,1070,1030,1035,2000
2003-07-25,0,10250,1050,1020,1020,4000
2003-07-28,0,10400,1050,1000,1020,25000
2003-07-29,0,10600,1080,1030,1030,60000
2003-07-30,0,10600,1070,1030,1030,50000
2003-07-31,0,10700,1070,1060,1060,7000
2003-08-01,0,10800,1080,1055,1055,12000
2003-08-04,0,10800,1080,1080,1080,40000
2003-08-05,0,10800,1090,1075,1080,42000
2003-08-06,0,10500,1080,1050,1080,200
2003-08-07,0,10500,1070,1050,1070,0
2003-08-08,0,10200,1045,1010,1040,17000
2003-08-11,0,10200,1020,1020,1020,28000
2003-08-12,0,10050,1040,1005,1015,14000
2003-08-13,0,10050,1065,1000,1005,8000
2003-08-14,0,10050,1035,1000,1005,29000
2003-08-15,0,10050,1005,1005,1005,0
2003-08-18,0,10350,1050,1005,1005,22000
2003-08-19,0,10450,1065,1020,1035,8000
2003-08-20,0,10450,1045,1020,1040,15000
2003-08-21,0,10500,1060,1035,1035,34000
2003-08-22,0,10300,1050,1020,1050,25000
2003-08-25,0,10300,1045,1020,1030,28000
2003-08-26,0,10150,1030,1000,1030,15000
2003-08-27,0,10150,1035,1015,1035,19000
2003-08-28,0,10150,1035,1005,1010,16000
2003-08-29,0,10100,1035,1000,1010,20000
2003-09-01,0,9950,1015,992,1010,16000
2003-09-02,0,10050,1010,998,998,11000
2003-09-03,0,10400,1045,990,1000,65000
2003-09-04,0,10200,1050,1020,1025,15000
2003-09-05,0,10250,1030,1005,1010,11000
2003-09-08,0,10250,1025,1005,1005,2000
2003-09-09,0,10000,1030,1000,1030,32000
2003-09-10,0,10000,1000,1000,1000,0
2003-09-11,0,10000,1000,1000,1000,0
2003-09-12,0,10000,1000,1000,1000,0
2003-09-15,0,9990,1010,982,982,29000
2003-09-16,0,9980,1000,990,992,5000
2003-09-17,0,9950,999,990,998,21000
2003-09-18,0,9950,1025,990,990,297000
2003-09-19,0,9990,999,990,999,5000
2003-09-22,0,9710,985,971,984,39000
2003-09-23,0,9930,993,956,971,8000
2003-09-24,0,9890,1000,974,980,49000
2003-09-25,0,9850,985,955,971,48000
2003-09-26,0,9450,985,945,970,22000
2003-09-29,0,9210,967,911,931,45000
2003-09-30,0,9400,950,921,929,6000
2003-10-01,0,9390,940,921,940,3000
2003-10-02,0,9470,950,935,949,11000
2003-10-03,0,9470,947,947,947,0
2003-10-06,0,9490,969,938,969,8000
2003-10-07,0,9610,961,940,940,14000
2003-10-08,0,9660,968,942,968,400
2003-10-09,0,9900,994,952,970,37000
2003-10-10,0,9900,995,989,994,56000
2003-10-13,0,9970,999,990,999,21000
2003-10-14,0,10450,1045,990,1000,238000
2003-10-15,0,10000,1050,1000,1050,60000
2003-10-16,0,9900,1010,990,990,29000
2003-10-17,0,10050,1015,990,990,31000
2003-10-20,0,10150,1015,985,985,32000
2003-10-21,0,10150,1015,987,987,4000
2003-10-22,0,9910,992,990,991,10000
2003-10-23,0,9980,998,968,981,5000
2003-10-24,0,9980,998,974,974,1000
2003-10-27,0,9970,997,970,984,7000
2003-10-28,0,9960,997,960,969,57000
2003-10-29,0,10250,1040,990,1035,55000
2003-10-30,0,10100,1020,1000,1010,17000
2003-10-31,0,9960,1000,996,997,14000
2003-11-03,0,10000,1025,981,981,61000
2003-11-04,0,10300,1040,1005,1005,74000
2003-11-05,0,10300,1030,1000,1030,29000
2003-11-06,0,10000,1010,997,1010,124000
2003-11-07,0,10000,1000,997,1000,130000
2003-11-10,0,9990,999,995,997,54000
2003-11-11,0,9790,981,976,976,26000
2003-11-12,0,9880,994,979,979,13000
2003-11-13,0,10450,1045,982,982,319000
2003-11-14,0,10900,1090,993,1040,131000
2003-11-17,0,10250,1090,1020,1060,30000
2003-11-18,0,10850,1085,1020,1040,26000
2003-11-19,0,10200,1050,1020,1050,11000
2003-11-20,0,10150,1020,1010,1015,19000
2003-11-21,0,9620,1025,962,1015,134000
2003-11-24,0,9980,998,980,980,19000
2003-11-25,0,9860,990,980,980,9000
2003-11-26,0,9930,993,980,980,3000
2003-11-27,0,9990,1000,985,985,25000
2003-11-28,0,9980,999,985,999,9000
2003-12-01,0,10200,1030,988,1005,50000
2003-12-02,0,10150,1020,999,1020,34000
2003-12-03,0,9950,1000,995,996,74000
2003-12-04,0,9900,995,990,995,40000
2003-12-05,0,9900,995,973,995,29000
2003-12-08,0,9800,995,980,985,41000
2003-12-09,0,9940,1000,982,983,23000
2003-12-10,0,9900,993,983,983,2000
2003-12-11,0,10000,1005,983,991,8000
2003-12-12,0,9990,1015,984,984,17000
2003-12-15,0,10100,1020,992,1020,17000
2003-12-16,0,10100,1025,985,985,65000
2003-12-17,0,10200,1045,1000,1005,142000
2003-12-18,0,10900,1090,1020,1025,201000
2003-12-19,0,11900,1250,1155,1155,2295000
2003-12-22,0,11150,1175,1100,1150,354000
2003-12-23,0,10500,1140,1050,1115,140000
2003-12-24,0,10550,1090,1035,1060,94000
2003-12-25,0,10550,1055,1055,1055,0
2003-12-26,0,10600,1090,1030,1060,95000
2003-12-29,0,10200,1050,991,991,64000
2003-12-30,0,10500,1065,1025,1065,37000
2003-12-31,0,10500,1050,1050,1050,0
2004-01-01,0,10500,1050,1050,1050,0
2004-01-02,0,10550,1070,1035,1035,44000
2004-01-05,0,10450,1060,1020,1060,21000
2004-01-06,0,10250,1055,1025,1045,10000
2004-01-07,0,10000,1035,1000,1030,8000
2004-01-08,0,9950,1020,992,1000,28000
2004-01-09,0,9940,1020,990,1000,38000
2004-01-12,0,9690,994,965,994,55000
2004-01-13,0,9400,984,925,960,170000
2004-01-14,0,9540,958,932,957,22000
2004-01-15,0,9380,959,930,959,34000
2004-01-16,0,9420,966,933,933,10000
2004-01-19,0,9300,947,930,930,40000
2004-01-20,0,9340,948,919,924,30000
2004-01-21,0,9340,934,934,934,0
2004-01-22,0,9340,934,934,934,0
2004-01-23,0,9340,934,934,934,0
2004-01-26,0,9330,935,926,930,55000
2004-01-27,0,9340,960,927,931,23000
2004-01-28,0,9270,929,920,920,20000
2004-01-29,0,9260,931,911,911,12000
2004-01-30,0,9280,929,913,913,3000
2004-02-02,0,9240,928,905,920,11000
2004-02-03,0,9080,934,902,912,29000
2004-02-04,0,9180,918,903,903,4000
2004-02-05,0,9110,918,900,906,69000
2004-02-06,0,9080,918,902,902,3000
2004-02-09,0,9110,918,905,905,16000
2004-02-10,0,9050,933,905,906,19000
2004-02-11,0,9150,930,897,901,28000
2004-02-12,0,9140,919,904,904,3000
2004-02-13,0,9290,929,905,905,600
2004-02-16,0,9130,915,895,915,6000
2004-02-17,0,9120,912,891,901,37000
2004-02-18,0,9060,911,900,900,15000
2004-02-19,0,9210,922,901,901,11000
2004-02-20,0,9160,924,891,920,9000
2004-02-23,0,9120,925,912,916,1000
2004-02-24,0,9020,906,889,906,32000
2004-02-25,0,9010,914,890,901,38000
2004-02-26,0,9100,916,884,892,6000
2004-02-27,0,9000,908,886,900,17000
2004-03-01,0,9000,900,900,900,0
2004-03-02,0,9080,910,885,910,25000
2004-03-03,0,9070,910,893,893,8000
2004-03-04,0,8900,905,885,905,17000
2004-03-05,0,8880,896,880,890,77000
2004-03-08,0,8790,887,860,882,18000
2004-03-09,0,8780,879,861,879,9000
2004-03-10,0,8750,878,875,878,11000
2004-03-11,0,8700,874,860,874,5000
2004-03-12,0,8390,861,822,861,14000
2004-03-15,0,8140,838,812,827,45000
2004-03-16,0,8060,814,803,803,101000
2004-03-17,0,8070,827,800,802,268000
2004-03-18,0,8000,817,798,808,77000
2004-03-19,0,7980,800,790,800,52000
2004-03-22,0,7800,800,779,790,84000
2004-03-23,0,7820,798,757,768,346000
2004-03-24,0,7730,781,773,775,65000
2004-03-25,0,7690,775,753,773,15000
2004-03-26,0,7670,784,760,770,57000
2004-03-29,0,7600,772,757,757,303000
2004-03-30,0,7510,767,751,760,86000
2004-03-31,0,7450,753,745,751,107000
2004-04-01,0,7540,758,735,735,56000
2004-04-02,0,7610,769,747,751,37000
2004-04-05,0,7610,761,761,761,0
2004-04-06,0,7770,784,763,764,70000
2004-04-07,0,7870,790,773,773,58000
2004-04-08,0,7930,794,783,790,55000
2004-04-09,0,7960,799,788,793,38000
2004-04-12,0,7950,804,792,795,69000
2004-04-13,0,8020,804,792,792,26000
2004-04-14,0,7980,809,790,792,28000
2004-04-15,0,7980,798,798,798,0
2004-04-16,0,7960,800,789,800,22000
2004-04-19,0,8000,800,787,800,42000
2004-04-20,0,8030,805,793,793,70000
2004-04-21,0,8020,809,792,792,58000
2004-04-22,0,8000,802,796,802,45000
2004-04-23,0,8000,807,793,796,20000
2004-04-26,0,8110,835,798,798,6000
2004-04-27,0,8030,808,796,805,19000
2004-04-28,0,8020,814,800,814,32000
2004-04-29,0,7900,798,788,796,11000
2004-04-30,0,7750,789,770,771,382000
2004-05-03,0,7900,812,775,812,13000
2004-05-04,0,7980,812,782,794,13000
2004-05-05,0,7980,798,798,798,0
2004-05-06,0,7840,798,784,798,15000
2004-05-07,0,7800,780,770,775,80000
2004-05-10,0,7650,809,765,780,60000
2004-05-11,0,7790,779,765,777,86000
2004-05-12,0,7900,790,760,760,200
2004-05-13,0,7920,794,784,794,6000
2004-05-14,0,7900,813,790,813,7000
2004-05-17,0,7820,790,769,785,26000
2004-05-18,0,7750,778,745,765,35000
2004-05-19,0,7710,779,725,775,33000
2004-05-20,0,7550,775,755,770,26000
2004-05-21,0,7610,767,741,751,18000
2004-05-24,0,7620,781,762,763,9000
2004-05-25,0,7760,778,771,775,2000
2004-05-26,0,7760,776,776,776,0
2004-05-27,0,7750,780,750,750,3000
2004-05-28,0,7800,780,775,775,27000
2004-05-31,0,7790,795,770,795,5000
2004-06-01,0,7800,790,765,765,12000
2004-06-02,0,7710,790,765,781,6000
2004-06-03,0,7760,793,771,780,75000
2004-06-04,0,7850,789,769,772,8000
2004-06-07,0,7960,812,785,785,14000
2004-06-08,0,7800,811,775,811,18000
2004-06-09,0,7840,798,780,780,28000
2004-06-10,0,7900,799,780,799,22000
2004-06-11,0,7890,790,774,790,4000
2004-06-14,0,7850,785,775,776,7000
2004-06-15,0,7800,785,765,765,5000
2004-06-16,0,7830,784,770,770,1000
2004-06-17,0,8000,809,774,788,253000
2004-06-18,0,7900,800,777,777,23000
2004-06-21,0,7940,796,785,796,6000
2004-06-22,0,7880,795,783,783,7000
2004-06-23,0,7950,796,795,796,10000
2004-06-24,0,7920,809,790,809,3000
2004-06-25,0,7940,799,782,782,5000
2004-06-28,0,8020,802,784,794,26000
2004-06-29,0,7820,800,782,800,0
2004-06-30,0,7860,800,786,800,0
2004-07-01,0,7870,797,785,786,40000
2004-07-02,0,7870,803,786,787,6000
2004-07-05,0,7820,800,782,790,5000
2004-07-06,0,7900,802,785,802,13000
2004-07-07,0,7860,804,786,804,41000
2004-07-08,0,7890,810,786,790,30000
2004-07-09,0,7890,795,780,789,8000
2004-07-12,0,7910,809,789,789,6000
2004-07-13,0,7970,797,790,791,4000
2004-07-14,0,8000,805,800,800,65000
2004-07-15,0,7980,799,791,791,6000
2004-07-16,0,7980,798,790,790,8000
2004-07-19,0,7990,799,792,792,4000
2004-07-20,0,7910,798,791,798,0
2004-07-21,0,8030,809,795,809,41000
2004-07-22,0,8000,804,800,800,21000
2004-07-23,0,8100,810,800,800,12000
2004-07-26,0,8110,821,803,808,3000
2004-07-27,0,8190,819,800,800,23000
2004-07-28,0,8170,817,817,817,400
2004-07-29,0,8290,829,805,805,2000
2004-07-30,0,8200,820,820,820,100
2004-08-02,0,8090,820,795,795,6000
2004-08-03,0,8000,815,800,810,4000
2004-08-04,0,8110,811,796,800,11000
2004-08-05,0,8050,805,800,802,17000
2004-08-06,0,8220,826,810,815,7000
2004-08-09,0,8240,838,820,820,6000
2004-08-10,0,8240,824,816,816,1000
2004-08-11,0,8100,823,808,823,1000
2004-08-12,0,8180,820,814,814,900
2004-08-13,0,8140,823,812,812,18000
2004-08-16,0,8220,848,820,820,7000
2004-08-17,0,8390,842,825,830,34000
2004-08-18,0,8390,845,831,845,18000
2004-08-19,0,8690,878,835,839,49000
2004-08-20,0,8620,864,857,857,20000
2004-08-23,0,8570,867,837,850,9000
2004-08-24,0,8580,864,837,843,2000
2004-08-25,0,8550,858,846,846,17000
2004-08-26,0,8600,878,844,878,28000
2004-08-27,0,8530,854,843,851,41000
2004-08-30,0,8460,850,846,847,5000
2004-08-31,0,8600,860,846,846,10000
2004-09-01,0,8500,860,845,852,18000
2004-09-02,0,8590,860,847,852,405000
2004-09-03,0,8590,862,850,862,49000
2004-09-06,0,8680,869,852,865,36000
2004-09-07,0,8730,878,856,856,23000
2004-09-08,0,8740,881,865,874,264000
2004-09-09,0,8880,909,872,909,84000
2004-09-10,0,8940,902,879,881,327000
2004-09-13,0,9000,920,890,890,110000
2004-09-14,0,9140,928,896,896,11000
2004-09-15,0,8850,910,880,892,30000
2004-09-16,0,8900,893,876,880,29000
2004-09-17,0,8880,889,876,880,45000
2004-09-20,0,9100,910,885,885,12000
2004-09-21,0,9110,928,896,909,14000
2004-09-22,0,9050,921,891,905,29000
2004-09-23,0,9070,916,889,900,65000
2004-09-24,0,9140,914,907,907,4000
2004-09-27,0,9140,914,914,914,0
2004-09-28,0,9140,914,914,914,0
2004-09-29,0,9140,914,914,914,0
2004-09-30,0,9180,924,899,903,19000
2004-10-01,0,9000,913,898,904,87000
2004-10-04,0,9040,915,900,903,35000
2004-10-05,0,9010,918,900,900,9000
2004-10-06,0,9130,915,901,901,6000
2004-10-07,0,9130,913,900,913,12000
2004-10-08,0,9120,913,900,900,37000
2004-10-11,0,9500,964,912,912,68000
2004-10-12,0,9290,964,925,950,47000
2004-10-13,0,9250,935,921,935,32000
2004-10-14,0,9190,925,910,910,19000
2004-10-15,0,9150,923,905,905,18000
2004-10-18,0,9170,920,915,920,6000
2004-10-19,0,9190,920,905,920,23000
2004-10-20,0,9110,919,910,914,10000
2004-10-21,0,9020,915,902,914,39000
2004-10-22,0,9090,909,900,900,14000
2004-10-25,0,9000,919,900,919,64000
2004-10-26,0,9080,908,891,900,16000
2004-10-27,0,9100,920,899,906,53000
2004-10-28,0,9100,910,897,910,50000
2004-10-29,0,9180,918,917,918,2000
2004-11-01,0,9090,919,904,919,3000
2004-11-02,0,9010,919,899,910,16000
2004-11-03,0,9080,910,901,901,14000
2004-11-04,0,9200,938,901,910,73000
2004-11-05,0,9230,930,912,930,8000
2004-11-08,0,9290,935,925,928,57000
2004-11-09,0,9500,955,930,930,35000
2004-11-10,0,9490,960,934,960,16000
2004-11-11,0,9500,987,946,956,52000
2004-11-12,0,9730,979,938,950,95000
2004-11-15,0,9550,979,945,979,31000
2004-11-16,0,9460,955,946,955,16000
2004-11-17,0,9460,950,938,941,56000
2004-11-18,0,9190,945,910,932,93000
2004-11-19,0,9160,923,915,917,27000
2004-11-22,0,9200,924,915,924,5000
2004-11-23,0,9190,920,915,920,40000
2004-11-24,0,9270,933,915,915,15000
2004-11-25,0,9270,959,918,959,66000
2004-11-26,0,9230,934,919,934,21000
2004-11-29,0,9200,924,912,920,89000
2004-11-30,0,9200,930,914,920,70000
2004-12-01,0,9220,930,920,930,99000
2004-12-02,0,9240,930,922,930,145000
2004-12-03,0,9230,944,923,923,44000
2004-12-06,0,9250,940,923,924,105000
2004-12-07,0,9280,930,921,930,106000
2004-12-08,0,9270,943,923,927,111000
2004-12-09,0,9290,934,922,922,11000
2004-12-10,0,9200,936,912,936,90000
2004-12-13,0,9230,924,920,920,26000
2004-12-14,0,9220,925,920,920,50000
2004-12-15,0,9240,935,924,935,80000
2004-12-16,0,9300,935,920,924,51000
2004-12-17,0,9340,934,927,930,14000
2004-12-20,0,9350,935,930,930,29000
2004-12-21,0,9330,935,925,935,42000
2004-12-22,0,9320,939,926,927,36000
2004-12-23,0,9340,935,931,935,49000
2004-12-24,0,9340,935,930,935,51000
2004-12-27,0,9360,937,932,935,32000
2004-12-28,0,9360,939,933,936,114000
2004-12-29,20,8620,890,857,890,67000
2004-12-30,20,8610,870,851,856,16000
2004-12-31,20,8610,861,861,861,0
2005-01-03,20,8740,874,851,858,33000
2005-01-04,20,8700,880,864,874,29000
2005-01-05,20,8670,870,851,862,20000
2005-01-06,20,8700,887,857,887,5000
2005-01-07,20,8700,888,863,887,27000
2005-01-10,20,8700,871,861,871,27000
2005-01-11,20,8700,879,865,879,50000
2005-01-12,20,8630,874,862,863,13000
2005-01-13,20,8690,873,860,860,4000
2005-01-14,20,8740,874,861,861,29000
2005-01-17,20,8780,878,864,870,101000
2005-01-18,20,8790,881,870,871,27000
2005-01-19,20,8860,887,879,879,34000
2005-01-20,21,8890,890,880,890,26000
2005-01-21,20,8870,888,880,880,35000
2005-01-24,20,8730,880,864,874,83000
2005-01-25,20,8790,888,860,870,29000
2005-01-26,20,8700,875,870,873,66000
2005-01-27,20,8790,884,865,870,50000
2005-01-28,20,8790,884,879,881,61000
2005-01-31,21,8920,908,879,879,69000
2005-02-01,21,8940,899,888,899,29000
2005-02-02,21,9150,915,894,894,80000
2005-02-03,22,9330,939,910,914,72000
2005-02-04,22,9540,957,940,957,61000
2005-02-07,23,9800,984,956,984,127000
2005-02-08,23,9800,980,980,980,0
2005-02-09,23,9800,980,980,980,0
2005-02-10,23,9800,980,980,980,0
2005-02-11,23,10150,1015,980,980,150000
2005-02-14,24,10400,1055,990,1020,99000
2005-02-15,25,10600,1075,1020,1075,96000
2005-02-16,24,10250,1085,1025,1085,106000
2005-02-17,24,10400,1050,1025,1040,16000
2005-02-18,24,10500,1060,1030,1060,62000
2005-02-21,26,11350,1135,1045,1045,146000
2005-02-22,26,11050,1135,1090,1135,65000
2005-02-23,25,10900,1095,1045,1075,73000
2005-02-24,26,11200,1120,1100,1100,63000
2005-02-25,26,11250,1140,1095,1120,62000
2005-02-28,26,11350,1140,1100,1100,74000
2005-03-01,26,11350,1135,1135,1135,0
2005-03-02,26,11300,1135,1100,1120,43000
2005-03-03,26,11300,1180,1110,1120,65000
2005-03-04,26,11200,1150,1110,1120,204000
2005-03-07,26,11400,1160,1125,1160,37000
2005-03-08,26,11000,1140,1095,1140,65000
2005-03-09,26,11100,1115,1070,1100,51000
2005-03-10,26,11100,1115,1090,1100,38000
2005-03-11,26,11150,1135,1100,1100,66000
2005-03-14,26,11100,1130,1105,1110,31000
2005-03-15,26,11100,1120,1095,1100,46000
2005-03-16,26,11100,1115,1095,1110,21000
2005-03-17,25,10950,1110,1090,1090,111000
2005-03-18,25,10850,1105,1085,1095,27000
2005-03-21,25,10750,1100,1060,1085,45000
2005-03-22,25,10800,1100,1070,1070,1000
2005-03-23,24,10500,1080,1050,1055,5000
2005-03-24,24,10200,1085,1000,1010,85000
2005-03-25,24,10300,1035,1020,1020,1000
2005-03-28,24,10550,1095,1030,1030,20000
2005-03-29,25,10600,1065,1055,1055,53000
2005-03-30,24,10400,1065,1035,1040,164000
2005-03-31,24,10500,1075,1040,1040,10000
2005-04-01,27,11500,1150,1035,1050,114000
2005-04-04,26,11300,1145,1105,1140,63000
2005-04-05,26,11300,1130,1130,1130,0
2005-04-06,26,11050,1105,1085,1085,5000
2005-04-07,25,10850,1110,1085,1085,19000
2005-04-08,25,10900,1110,1085,1085,10000
2005-04-11,25,10900,1110,1085,1090,3000
2005-04-12,25,10950,1100,1085,1090,7000
2005-04-13,25,10800,1100,1070,1090,6000
2005-04-14,25,10700,1095,1065,1070,7000
2005-04-15,25,10600,1080,1060,1065,8000
2005-04-18,25,10600,1075,1040,1050,28000
2005-04-19,24,10500,1075,1050,1075,2000
2005-04-20,26,11000,1110,1045,1055,27000
2005-04-21,25,10800,1105,1070,1085,15000
2005-04-22,25,10900,1100,1090,1100,2000
2005-04-25,25,10900,1090,1090,1090,700
2005-04-26,26,11000,1115,1080,1090,22000
2005-04-27,25,10950,1110,1085,1110,33000
2005-04-28,26,11000,1110,1090,1095,9000
2005-04-29,25,10700,1100,1070,1090,30000
2005-05-02,26,11100,1120,1080,1100,122000
2005-05-03,26,11050,1125,1095,1125,20000
2005-05-04,25,10950,1115,1080,1115,22000
2005-05-05,25,10950,1095,1095,1095,0
2005-05-06,26,11000,1200,1090,1200,52000
2005-05-09,25,10850,1115,1085,1110,6000
2005-05-10,26,11000,1125,1090,1125,9000
2005-05-11,26,11050,1240,1100,1240,130000
2005-05-12,25,10850,1110,1080,1110,47000
2005-05-13,25,10800,1110,1060,1100,56000
2005-05-16,26,11000,1100,1035,1035,161000
2005-05-17,25,10800,1105,1080,1105,29000
2005-05-18,25,10800,1080,1050,1080,37000
2005-05-19,25,10850,1100,1065,1080,11000
2005-05-20,25,10700,1075,1065,1065,32000
2005-05-23,25,10750,1075,1065,1075,800
2005-05-24,25,10850,1085,1065,1065,5000
2005-05-25,25,10800,1085,1080,1085,8000
2005-05-26,25,10800,1080,1065,1065,5000
2005-05-27,25,10650,1080,1065,1065,5000
2005-05-30,25,10900,1090,1075,1075,25000
2005-05-31,25,10800,1090,1075,1090,2000
2005-06-01,25,10750,1110,1065,1080,26000
2005-06-02,25,10850,1090,1080,1090,13000
2005-06-03,25,10800,1100,1075,1085,6000
2005-06-06,25,10800,1080,1080,1080,0
2005-06-07,25,10850,1095,1065,1080,5000
2005-06-08,25,10750,1090,1070,1070,34000
2005-06-09,25,10900,1090,1075,1075,20000
2005-06-10,26,11050,1110,1075,1075,26000
2005-06-13,25,10950,1105,1090,1105,19000
2005-06-14,25,10850,1095,1085,1085,14000
2005-06-15,25,10950,1105,1095,1105,33000
2005-06-16,26,11000,1130,1095,1130,13000
2005-06-17,26,11000,1105,1085,1105,8000
2005-06-20,26,11000,1120,1085,1100,12000
2005-06-21,25,10800,1090,1080,1085,22000
2005-06-22,25,10850,1095,1080,1080,20000
2005-06-23,26,11000,1100,1080,1080,20000
2005-06-24,25,10850,1095,1085,1085,22000
2005-06-27,25,10800,1100,1080,1100,18000
2005-06-28,26,11000,1105,1080,1080,25000
2005-06-29,25,10950,1105,1090,1100,27000
2005-06-30,26,11000,1100,1080,1090,84000
2005-07-01,26,11000,1110,1080,1100,76000
2005-07-04,27,11500,1150,1100,1100,95000
2005-07-05,28,11950,1200,1130,1130,70000
2005-07-06,28,12200,1270,1200,1270,147000
2005-07-07,28,12000,1220,1190,1200,42000
2005-07-08,27,11500,1195,1150,1165,21000
2005-07-11,27,11700,1185,1150,1150,13000
2005-07-12,27,11500,1175,1150,1175,13000
2005-07-13,27,11600,1160,1125,1150,80000
2005-07-14,27,11650,1165,1135,1135,20000
2005-07-15,26,11400,1150,1140,1145,9000
2005-07-18,27,11500,1165,1140,1165,22000
2005-07-19,27,11600,1160,1140,1150,12000
2005-07-20,27,11700,1180,1150,1170,29000
2005-07-21,27,11650,1190,1155,1160,29000
2005-07-22,24,10200,1150,1010,1150,289000
2005-07-25,23,9950,1005,983,1000,96000
2005-07-26,23,10000,1020,987,987,52000
2005-07-27,23,10000,1015,993,993,39000
2005-07-28,23,10050,1020,997,1020,47000
2005-07-29,23,10100,1010,1000,1000,92000
2005-08-01,23,10000,1010,1000,1005,29000
2005-08-02,23,10000,1020,995,1020,46000
2005-08-03,23,9900,1000,981,1000,32000
2005-08-04,23,9850,990,980,990,15000
2005-08-05,23,9790,984,960,980,39000
2005-08-08,23,9800,985,971,975,40000
2005-08-09,23,9910,991,980,980,20000
2005-08-10,23,9920,996,982,991,13000
2005-08-11,23,9800,998,976,990,56000
2005-08-12,23,9880,988,974,976,31000
2005-08-15,23,9880,988,988,988,0
2005-08-16,23,9850,988,985,985,41000
2005-08-17,23,9850,987,968,968,19000
2005-08-18,23,9780,978,972,973,8000
2005-08-19,23,9830,985,975,985,5000
2005-08-22,23,9800,989,980,980,8000
2005-08-23,23,9770,980,976,979,7000
2005-08-24,23,9800,980,975,975,25000
2005-08-25,23,9750,976,970,970,12000
2005-08-26,22,9720,975,960,960,28000
2005-08-29,23,9830,983,970,972,131000
2005-08-30,24,10200,1050,980,980,21000
2005-08-31,23,10000,1025,992,992,52000
2005-09-01,23,10100,1010,990,990,77000
2005-09-02,23,10000,1030,1000,1010,72000
2005-09-05,24,10300,1045,1025,1045,179000
2005-09-06,24,10400,1075,1035,1075,248000
2005-09-07,25,10600,1070,1040,1040,68000
2005-09-08,24,10500,1070,1040,1055,58000
2005-09-09,25,10900,1100,1040,1040,97000
2005-09-12,25,10800,1100,1070,1075,82000
2005-09-13,26,11150,1115,1080,1080,42000
2005-09-14,25,10800,1100,1075,1100,70000
2005-09-15,26,11000,1120,1080,1090,90000
2005-09-16,25,10900,1100,1075,1100,44000
2005-09-19,25,10900,1090,1090,1090,0
2005-09-20,25,10700,1130,1055,1130,83000
2005-09-21,25,10800,1080,1060,1080,75000
2005-09-22,26,11000,1100,1065,1065,98000
2005-09-23,25,10900,1125,1075,1100,33000
2005-09-26,25,10750,1095,1075,1080,67000
2005-09-27,25,10750,1090,1075,1075,17000
2005-09-28,25,10850,1085,1065,1080,145000
2005-09-29,25,10850,1090,1080,1085,30200
2005-09-30,25,10800,1090,1075,1085,129100
2005-10-03,25,10800,1080,1080,1080,0
2005-10-04,25,10800,1080,1075,1075,118500
2005-10-05,25,10700,1085,1060,1075,147400
2005-10-06,25,10650,1070,1060,1065,86500
2005-10-07,25,10650,1075,1055,1055,189000
2005-10-10,25,10700,1075,1065,1065,126900
2005-10-11,25,10650,1080,1065,1070,76600
2005-10-12,25,10650,1075,1065,1065,50100
2005-10-13,25,10700,1085,1065,1085,31200
2005-10-14,25,10600,1070,1055,1060,60200
2005-10-17,25,10600,1080,1060,1080,81000
2005-10-18,25,10650,1065,1060,1065,30030
2005-10-19,24,10500,1070,1050,1060,79900
2005-10-20,24,10550,1065,1050,1050,26400
2005-10-21,24,10450,1065,1045,1050,24690
2005-10-24,24,10450,1060,1040,1045,33520
2005-10-25,24,10500,1080,1050,1080,41700
2005-10-26,24,10550,1090,1050,1050,60700
2005-10-27,25,10600,1075,1050,1055,39000
2005-10-28,25,10600,1065,1050,1060,28800
2005-10-31,25,10650,1070,1060,1065,13400
2005-11-01,25,10650,1075,1055,1065,19100
2005-11-02,25,10650,1070,1055,1055,26700
2005-11-03,25,10650,1070,1060,1060,40200
2005-11-04,25,10600,1070,1045,1065,82200
2005-11-07,24,10500,1060,1050,1060,46100
2005-11-08,25,10600,1060,1045,1050,27900
2005-11-09,25,10650,1075,1040,1060,93000
2005-11-10,25,10600,1065,1050,1060,27100
2005-11-11,25,10650,1065,1050,1055,149700
2005-11-14,25,10800,1095,1060,1060,71100
2005-11-15,25,10750,1110,1060,1060,272330
2005-11-16,26,11000,1105,1070,1075,123400
2005-11-17,26,11200,1130,1090,1120,133500
2005-11-18,27,11800,1180,1110,1120,188630
2005-11-21,26,11000,1200,1100,1160,223200
2005-11-22,25,10900,1135,1090,1105,259800
2005-11-23,26,11000,1130,1090,1090,112700
2005-11-24,26,11000,1130,1095,1110,130000
2005-11-25,25,10850,1100,1080,1100,149600
2005-11-28,26,11050,1105,1085,1085,96900
2005-11-29,25,10850,1110,1085,1105,71270
2005-11-30,27,11500,1155,1090,1090,187100
2005-12-01,27,11700,1170,1135,1150,147700
2005-12-02,26,11400,1170,1130,1160,95040
2005-12-05,27,11700,1190,1130,1150,157060
2005-12-06,27,11650,1190,1160,1170,126600
2005-12-07,27,11500,1175,1135,1175,51300
2005-12-08,26,11400,1175,1140,1150,254890
2005-12-09,28,11850,1210,1135,1135,193500
2005-12-12,26,11400,1185,1140,1165,137320
2005-12-13,27,11650,1175,1145,1155,50780
2005-12-14,27,11500,1180,1145,1170,156400
2005-12-15,26,11350,1170,1135,1170,127440
2005-12-16,27,11450,1150,1115,1130,186400
2005-12-19,27,11450,1150,1120,1130,51400
2005-12-20,27,11550,1155,1120,1120,44200
2005-12-21,27,11500,1150,1135,1150,26400
2005-12-22,26,11050,1140,1100,1140,86000
2005-12-23,25,10900,1125,1060,1105,109410
2005-12-26,26,11250,1125,1075,1075,37000
2005-12-27,26,11350,1165,1100,1100,430430
2005-12-28,45,10900,1115,1080,1100,52900
2005-12-29,44,10700,1100,1060,1100,19200
2006-01-02,41,10000,1070,999,1070,239910
2006-01-03,40,9760,1010,976,1010,84700
2006-01-04,41,10000,1000,990,997,94710
2006-01-05,40,9810,1010,981,1010,56590
2006-01-06,41,9940,1000,992,994,53370
2006-01-09,41,10000,1000,987,987,42780
2006-01-10,41,9950,997,992,992,35090
2006-01-11,41,9970,998,993,994,23410
2006-01-12,41,9990,1000,993,993,37000
2006-01-13,41,9970,1005,992,995,34090
2006-01-16,41,10050,1020,997,997,140810
2006-01-17,41,10000,1020,1000,1000,54780
2006-01-18,40,9720,1005,972,1000,36000
2006-01-19,40,9800,999,973,973,44600
2006-01-20,40,9780,999,965,980,97100
2006-01-23,39,9420,974,930,945,61600
2006-01-24,39,9590,959,935,950,25300
2006-01-25,38,9300,940,923,923,132800
2006-01-26,38,9250,925,919,925,49400
2006-01-27,38,9350,939,924,925,15700
2006-01-31,39,9590,968,935,935,179400
2006-02-01,38,9210,962,917,962,97300
2006-02-02,37,9120,939,908,925,89850
2006-02-03,38,9170,930,905,908,45000
2006-02-06,37,9070,910,900,907,35000
2006-02-07,37,9110,919,905,919,37800
2006-02-08,38,9170,917,910,911,4700
2006-02-09,37,9050,914,902,907,9100
2006-02-10,38,9150,917,900,905,35950
2006-02-13,38,9170,919,912,917,20400
2006-02-14,37,9120,918,902,902,14400
2006-02-15,37,9030,915,903,915,41100
2006-02-16,37,8910,920,888,920,38200
2006-02-17,37,9030,920,891,898,66700
2006-02-20,37,9060,908,897,901,23800
2006-02-21,37,9050,926,897,907,74720
2006-02-22,37,9000,940,900,940,50100
2006-02-23,37,9070,909,900,900,6000
2006-02-24,37,9090,915,904,907,16880
2006-02-27,37,9080,912,903,912,24200
2006-02-28,37,9100,917,900,908,39700
2006-03-02,38,9200,937,906,910,53700
2006-03-03,38,9290,934,906,927,65100
2006-03-06,38,9200,932,920,932,1600
2006-03-07,37,9110,926,904,910,23100
2006-03-08,37,9110,919,909,911,16400
2006-03-09,37,9100,929,910,929,16000
2006-03-10,38,9150,916,905,910,17500
2006-03-13,38,9220,922,910,915,4700
2006-03-14,38,9220,922,914,915,5200
2006-03-15,38,9250,940,915,922,16300
2006-03-16,37,9130,929,913,919,2690
2006-03-17,38,9190,919,910,910,15200
2006-03-20,38,9190,919,910,910,2400
2006-03-21,38,9190,919,910,910,7300
2006-03-22,37,9090,910,907,910,38000
2006-03-23,37,9120,922,910,914,39100
2006-03-24,38,9190,921,911,913,13200
2006-03-27,37,9120,918,900,918,52300
2006-03-28,37,9120,917,911,911,18000
2006-03-29,37,9050,913,900,900,45000
2006-03-30,37,9080,912,901,905,13900
2006-03-31,37,9040,920,904,920,14900
2006-04-03,38,9140,915,910,910,14700
2006-04-04,37,9110,914,910,912,33800
2006-04-05,37,9050,916,905,912,14200
2006-04-06,38,9270,927,906,906,48210
2006-04-07,38,9250,927,916,921,14300
2006-04-10,38,9200,927,907,907,21200
2006-04-11,38,9160,920,910,910,39100
2006-04-12,38,9220,923,911,912,48300
2006-04-13,39,9490,953,920,920,93630
2006-04-14,39,9420,949,937,949,26300
2006-04-17,39,9420,942,936,937,17400
2006-04-18,39,9410,956,941,945,32400
2006-04-19,39,9460,949,939,941,17100
2006-04-20,39,9380,950,930,930,18720
2006-04-21,39,9380,950,936,948,29900
2006-04-24,38,9370,944,928,944,13500
2006-04-25,38,9370,937,925,931,22400
2006-04-26,40,9680,975,937,944,53400
2006-04-27,39,9600,960,952,952,31800
2006-04-28,39,9590,960,942,951,10700
2006-05-02,39,9580,958,942,951,12100
2006-05-03,39,9590,959,932,932,18500
2006-05-04,39,9500,954,941,948,6100
2006-05-08,39,9500,954,941,948,21400
2006-05-09,39,9500,950,938,950,7400
2006-05-10,39,9500,950,936,936,7600
2006-05-11,39,9390,955,938,950,9900
2006-05-12,38,9300,935,925,925,26800
2006-05-15,38,9240,930,915,921,2900
2006-05-16,37,9100,924,906,906,12690
2006-05-17,37,9080,919,886,911,11500
2006-05-18,37,9060,906,892,892,500
2006-05-19,37,9030,906,893,906,19000
2006-05-22,37,9030,906,893,906,19500
2006-05-23,37,9000,919,895,895,16400
2006-05-24,37,8910,925,870,870,4800
2006-05-25,36,8860,895,885,895,10400
2006-05-26,37,9000,928,900,928,32200
2006-05-29,37,9000,918,892,918,2000
2006-05-30,37,9000,905,900,905,22400
2006-05-31,37,9000,918,892,918,2100
2006-06-01,37,9000,900,886,900,4500
2006-06-02,37,8900,900,870,900,42100
2006-06-05,37,8900,910,885,910,20600
2006-06-07,37,8900,899,832,890,300
2006-06-08,36,8700,885,843,878,7100
2006-06-09,36,8840,884,884,884,1100
2006-06-12,36,8830,883,883,883,1100
2006-06-13,35,8540,881,854,881,0
2006-06-14,36,8790,880,879,880,200
2006-06-15,37,8900,904,889,889,21290
2006-06-16,37,8900,890,885,885,30500
2006-06-19,38,9150,915,855,855,14300
2006-06-20,37,8980,915,865,915,1900
2006-06-21,37,8980,965,880,965,7000
2006-06-22,37,8980,910,880,910,6900
2006-06-23,37,8970,898,850,850,16300
2006-06-26,36,8800,880,880,880,2400
2006-06-27,36,8760,900,868,868,28010
2006-06-28,36,8880,889,870,871,7100
2006-06-29,36,8880,900,870,888,46300
2006-06-30,36,8750,899,875,899,12010
2006-07-03,36,8800,897,875,897,11300
2006-07-04,36,8860,889,880,883,11000
2006-07-05,36,8690,885,866,885,7000
2006-07-06,36,8730,873,865,869,18000
2006-07-07,36,8730,873,860,873,43000
2006-07-10,36,8700,874,850,850,24000
2006-07-11,36,8700,870,870,870,1000
2006-07-12,36,8700,872,870,872,10000
2006-07-13,36,8700,870,861,861,3000
2006-07-14,36,8700,870,862,862,5000
2006-07-18,35,8600,870,860,870,2000
2006-07-19,36,8670,867,867,867,100
2006-07-20,36,8740,874,860,869,13000
2006-07-21,36,8730,874,864,874,1900
2006-07-24,35,8540,872,854,872,0
2006-07-25,35,8590,873,859,873,0
2006-07-26,35,8560,856,856,856,200
2006-07-27,36,8700,877,855,863,8000
2006-07-28,36,8700,879,861,879,35900
2006-07-31,36,8740,875,866,875,24200
2006-08-01,36,8740,878,857,876,10400
2006-08-02,36,8700,872,855,856,5400
2006-08-03,36,8680,868,854,856,2200
2006-08-04,35,8640,864,845,852,14100
2006-08-07,35,8580,858,850,850,9600
2006-08-08,35,8580,868,858,858,10400
2006-08-09,35,8600,860,851,851,67500
2006-08-10,35,8650,865,860,860,300
2006-08-11,35,8630,864,861,864,24400
2006-08-14,35,8610,863,849,863,26100
2006-08-16,35,8580,861,845,861,28400
2006-08-17,35,8580,860,854,855,23800
2006-08-18,35,8550,855,848,850,9700
2006-08-21,35,8550,856,855,856,1000
2006-08-22,35,8590,859,850,851,23000
2006-08-23,35,8500,850,850,850,21300
2006-08-24,35,8500,850,841,841,15430
2006-08-25,35,8590,859,850,850,200
2006-08-28,35,8590,864,859,864,0
2006-08-29,36,8700,870,855,859,39600
2006-08-30,36,8790,880,879,880,1100
2006-08-31,36,8800,880,862,862,11600
2006-09-01,36,8720,872,872,872,100
2006-09-04,36,8790,880,872,872,26700
2006-09-05,36,8790,879,875,875,3200
2006-09-06,36,8800,880,860,860,4000
2006-09-07,36,8800,880,870,870,1200
2006-09-08,36,8700,870,853,853,20100
2006-09-11,35,8650,871,859,860,11300
2006-09-12,36,8750,875,869,869,1200
2006-09-13,36,8750,879,874,879,6010
2006-09-14,36,8870,887,877,877,8000
2006-09-15,36,8860,895,881,881,8100
2006-09-18,36,8840,901,860,901,42410
2006-09-19,36,8770,890,876,884,7400
2006-09-20,37,8910,892,870,877,10600
2006-09-21,37,8950,895,874,891,12780
2006-09-22,37,8940,895,894,895,6400
2006-09-25,37,8950,895,880,881,16000
2006-09-26,37,8950,897,894,895,12400
2006-09-27,37,8950,895,891,895,7120
2006-09-28,37,8900,890,880,890,6300
2006-09-29,37,9100,910,873,873,14400
2006-10-02,37,9100,910,880,910,5300
2006-10-04,37,9120,915,910,910,9000
2006-10-09,36,8810,912,881,912,1500
2006-10-10,38,9140,932,889,889,5000
2006-10-11,38,9140,914,913,913,800
2006-10-12,37,9050,905,887,887,300
2006-10-13,37,9100,910,897,909,3100
2006-10-16,37,9060,906,894,894,600
2006-10-17,37,9000,900,896,896,1600
2006-10-18,37,9000,900,882,891,31700
2006-10-19,37,9000,900,885,885,7000
2006-10-20,37,8990,899,885,885,8100
2006-10-23,37,8900,899,890,899,10000
2006-10-24,36,8800,915,870,870,28500
2006-10-25,36,8720,880,872,880,17000
2006-10-26,36,8700,872,862,872,46900
2006-10-27,36,8680,870,856,870,37600
2006-10-30,35,8540,883,848,883,7800
2006-10-31,35,8490,856,848,854,31400
2006-11-01,35,8500,874,848,874,56810
2006-11-02,35,8490,860,849,860,9100
2006-11-03,35,8490,856,848,850,50800
2006-11-06,35,8480,849,845,849,12800
2006-11-07,35,8480,855,846,848,36700
2006-11-08,35,8460,857,846,848,19340
2006-11-09,35,8490,849,841,846,4550
2006-11-10,35,8560,857,847,849,21400
2006-11-13,35,8570,857,847,855,30100
2006-11-14,35,8500,860,844,860,15920
2006-11-15,35,8470,868,847,860,34110
2006-11-16,35,8470,853,846,852,16570
2006-11-17,35,8530,853,841,852,35900
2006-11-20,35,8530,854,841,851,34610
2006-11-21,35,8570,863,847,853,11400
2006-11-22,35,8570,857,854,856,17210
2006-11-23,36,8740,874,856,856,18300
2006-11-24,36,8730,880,855,855,38900
2006-11-27,36,8690,869,857,860,4500
2006-11-28,35,8500,865,850,860,19400
2006-11-29,35,8560,859,850,850,13200
2006-11-30,35,8560,856,851,856,24800
2006-12-01,35,8600,860,853,853,14200
2006-12-04,36,8690,869,857,859,23300
2006-12-05,36,8700,879,865,879,36700
2006-12-06,35,8560,869,853,862,47000
2006-12-07,35,8550,860,855,857,11290
2006-12-08,35,8480,858,848,855,29900
2006-12-11,36,8850,890,851,851,1200
2006-12-12,35,8540,882,852,882,7200
2006-12-13,35,8480,870,848,860,11100
2006-12-14,35,8570,857,845,848,32200
2006-12-15,36,8680,869,857,857,16180
2006-12-18,35,8630,874,854,864,13210
2006-12-19,36,8660,866,855,863,10600
2006-12-20,35,8520,875,851,859,31600
2006-12-21,35,8520,856,846,856,69610
2006-12-22,35,8430,853,843,853,20900
2006-12-26,35,8430,850,835,843,86700
2006-12-27,68,8200,840,820,840,70900
2006-12-28,70,8360,836,820,821,75000
2007-01-02,70,8360,836,833,836,17810
2007-01-03,69,8260,835,826,834,16100
2007-01-04,69,8280,828,820,820,15400
2007-01-05,68,8150,821,814,821,16400
2007-01-08,68,8150,815,807,807,7100
2007-01-09,66,7930,818,780,805,68400
2007-01-10,66,7980,800,775,797,8300
2007-01-11,67,8030,815,790,815,17100
2007-01-12,66,7950,801,795,800,11900
2007-01-15,67,8000,800,794,795,3200
2007-01-16,67,8000,800,798,800,4400
2007-01-17,66,7980,814,795,814,7000
2007-01-18,66,7950,808,795,795,5000
2007-01-19,66,7980,798,791,795,600
2007-01-22,65,7850,785,758,780,27400
2007-01-23,66,7940,794,776,776,200
2007-01-24,65,7810,791,773,782,3000
2007-01-25,65,7790,786,777,777,1200
2007-01-26,65,7750,778,775,778,19700
2007-01-29,66,7900,790,771,775,25800
2007-01-30,65,7800,797,780,797,1100
2007-01-31,64,7660,770,765,766,24520
2007-02-01,63,7580,777,758,766,68400
2007-02-02,64,7720,772,758,759,6100
2007-02-05,64,7700,772,758,772,34700
2007-02-06,64,7680,770,760,760,2800
2007-02-07,64,7710,771,765,765,8100
2007-02-08,64,7710,772,770,771,25500
2007-02-09,65,7750,775,772,772,19300
2007-02-12,63,7610,770,760,770,27620
2007-02-13,64,7700,771,763,767,14000
2007-02-14,64,7680,768,762,763,3700
2007-02-15,64,7650,775,765,775,11660
2007-02-16,64,7670,770,758,758,2500
2007-02-20,64,7710,771,745,767,147200
2007-02-21,70,8350,835,770,770,37000
2007-02-22,65,7810,830,772,830,21500
2007-02-23,65,7860,789,776,789,5300
2007-02-26,64,7710,806,765,786,155600
2007-02-27,64,7720,772,765,772,47700
2007-02-28,63,7600,766,756,756,8700
2007-03-01,63,7600,760,760,760,0
2007-03-05,65,7820,790,764,767,45400
2007-03-06,65,7820,784,767,783,15400
2007-03-07,64,7730,788,773,788,15700
2007-03-08,65,7860,788,773,773,22000
2007-03-09,65,7840,785,784,785,1800
2007-03-12,65,7820,785,765,784,15610
2007-03-13,66,7930,799,780,781,52900
2007-03-14,66,7880,794,780,793,12700
2007-03-15,66,7870,795,781,784,11100
2007-03-16,65,7860,789,785,789,17100
2007-03-19,66,7880,788,766,766,16200
2007-03-20,65,7840,788,779,780,53900
2007-03-21,65,7830,784,776,783,38900
2007-03-22,65,7830,783,774,779,31100
2007-03-23,64,7740,776,774,776,58800
2007-03-26,66,7870,787,772,775,105800
2007-03-27,69,8250,825,787,787,127800
2007-03-28,67,8060,830,806,830,72000
2007-03-29,69,8340,839,810,810,24000
2007-03-30,69,8310,842,820,820,49600
2007-04-02,73,8730,875,825,831,52820
2007-04-03,76,9090,921,873,890,120780
2007-04-04,76,9150,924,898,912,42600
2007-04-05,73,8770,909,875,900,98500
2007-04-06,73,8720,895,857,895,66200
2007-04-09,73,8720,872,860,863,54120
2007-04-10,73,8800,890,856,875,103900
2007-04-11,74,8830,883,876,880,9000
2007-04-12,74,8850,887,882,882,56800
2007-04-13,74,8900,893,885,885,21420
2007-04-16,75,8970,907,885,890,37200
2007-04-17,75,8970,900,890,900,36000
2007-04-18,75,8980,901,875,898,15200
2007-04-19,73,8710,896,865,896,64900
2007-04-20,74,8850,893,863,863,28600
2007-04-23,73,8800,893,880,885,73100
2007-04-24,73,8750,880,866,880,66900
2007-04-25,71,8490,886,836,862,86400
2007-04-26,71,8470,849,825,849,70900
2007-04-27,71,8470,854,845,850,8900
2007-04-30,70,8370,850,837,841,21800
2007-05-02,71,8530,887,835,837,27100
2007-05-03,72,8600,875,857,857,58500
2007-05-04,72,8600,875,855,860,75100
2007-05-07,72,8650,866,860,866,30300
2007-05-08,72,8640,888,863,874,83700
2007-05-09,72,8650,879,853,879,62400
2007-05-10,73,8710,873,860,870,125100
2007-05-11,74,8850,890,867,871,73140
2007-05-14,73,8790,885,861,885,108600
2007-05-15,73,8810,895,881,888,78520
2007-05-16,74,8910,891,879,883,86000
2007-05-17,74,8900,898,884,892,331000
2007-05-18,73,8750,890,875,884,97600
2007-05-21,79,9430,999,885,885,489410
2007-05-22,81,9700,989,945,945,308500
2007-05-23,79,9460,966,946,965,193100
2007-05-25,80,9630,999,935,946,109300
2007-05-28,83,9930,995,964,964,108900
2007-05-29,81,9770,1005,976,1000,229540
2007-05-30,83,9900,1005,977,984,307800
2007-05-31,85,10150,1025,998,999,325500
2007-06-01,85,10250,1040,1000,1020,236300
2007-06-04,92,11000,1135,1035,1045,297800
2007-06-05,106,12650,1265,1080,1115,462400
2007-06-07,118,14150,1440,1200,1265,745910
2007-06-08,117,14050,1500,1335,1500,362300
2007-06-11,110,13200,1390,1305,1380,354200
2007-06-12,110,13150,1330,1245,1325,174200
2007-06-13,106,12750,1380,1275,1340,120300
2007-06-14,109,13050,1320,1280,1280,100030
2007-06-15,110,13150,1325,1285,1305,69500
2007-06-18,109,13000,1375,1295,1315,171890
2007-06-19,110,13150,1370,1290,1300,70000
2007-06-20,109,13000,1340,1275,1310,86000
2007-06-21,106,12700,1305,1270,1270,50100
2007-06-22,103,12300,1280,1205,1280,120200
2007-06-25,105,12550,1255,1205,1210,46500
2007-06-26,92,11000,1240,1080,1240,301270
2007-06-27,85,10200,1110,998,1090,379200
2007-06-28,88,10600,1080,1030,1030,97300
2007-06-29,93,11200,1150,1055,1070,89000
2007-07-02,95,11350,1140,1080,1105,59700
2007-07-03,99,11900,1215,1155,1155,77600
2007-07-04,98,11800,1200,1160,1200,67500
2007-07-05,100,12000,1200,1150,1180,65800
2007-07-06,100,12000,1200,1160,1180,48700
2007-07-09,99,11850,1195,1160,1170,54800
2007-07-10,97,11650,1210,1145,1150,66800
2007-07-11,96,11450,1165,1125,1160,59120
2007-07-12,96,11500,1160,1125,1125,54470
2007-07-13,93,11200,1170,1120,1150,82800
2007-07-16,97,11650,1165,1130,1130,113500
2007-07-18,106,12700,1285,1120,1120,129110
2007-07-19,109,13000,1310,1260,1270,167710
2007-07-20,112,13450,1350,1305,1350,137000
2007-07-23,114,13600,1400,1335,1345,254100
2007-07-24,114,13600,1365,1345,1350,114600
2007-07-25,114,13600,1385,1350,1350,89700
2007-07-26,110,13200,1390,1300,1370,71260
2007-07-27,109,13000,1315,1230,1300,88800
2007-07-30,108,12900,1300,1270,1280,24000
2007-07-31,112,13400,1340,1290,1290,49700
2007-08-01,112,13400,1365,1205,1330,78300
2007-08-02,110,13200,1340,1250,1330,41900
2007-08-03,112,13400,1355,1320,1320,46700
2007-08-06,109,13000,1315,1270,1315,16500
2007-08-07,109,13100,1310,1260,1300,65500
2007-08-08,111,13300,1330,1280,1300,27800
2007-08-09,110,13200,1330,1275,1300,21200
2007-08-10,105,12600,1305,1230,1230,16800
2007-08-13,105,12550,1285,1240,1250,22800
2007-08-14,102,12200,1250,1160,1240,52900
2007-08-16,88,10500,1220,1040,1220,213550
2007-08-17,89,10700,1075,1020,1030,79620
2007-08-20,95,11400,1160,1075,1075,30700
2007-08-21,99,11900,1195,1120,1135,24190
2007-08-22,99,11850,1190,1150,1170,18200
2007-08-23,101,12150,1240,1190,1190,20900
2007-08-24,100,12000,1200,1170,1200,12500
2007-08-27,101,12050,1260,1200,1260,44100
2007-08-28,100,12000,1200,1180,1200,34200
2007-08-29,100,12000,1200,1160,1170,63600
2007-08-30,100,12000,1240,1200,1200,51400
2007-08-31,100,12000,1200,1165,1180,53300
2007-09-03,100,12000,1210,1180,1200,37500
2007-09-04,100,11950,1225,1175,1200,25700
2007-09-05,98,11800,1200,1180,1200,34300
2007-09-06,105,12600,1260,1175,1175,72700
2007-09-07,105,12550,1290,1220,1220,33600
2007-09-10,102,12200,1230,1200,1200,51000
2007-09-11,102,12200,1250,1205,1250,25900
2007-09-12,103,12350,1235,1210,1210,63020
2007-09-13,104,12450,1255,1225,1235,89550
2007-09-14,106,12650,1290,1220,1220,52820
2007-09-17,106,12650,1280,1250,1260,47500
2007-09-18,109,13000,1310,1260,1290,114120
2007-09-19,113,13500,1360,1305,1305,176000
2007-09-20,111,13350,1350,1320,1320,99500
2007-09-21,120,14400,1535,1335,1335,1023800
2007-09-27,112,13400,1440,1295,1440,179400
2007-09-28,114,13650,1400,1295,1340,153400
2007-10-01,114,13700,1390,1360,1360,49900
2007-10-02,116,13900,1400,1365,1390,64000
2007-10-04,114,13700,1390,1345,1390,43000
2007-10-05,117,14000,1400,1360,1375,53700
2007-10-08,117,14000,1415,1370,1415,42000
2007-10-09,113,13500,1400,1330,1400,80800
2007-10-10,114,13600,1370,1330,1350,58000
2007-10-11,112,13400,1385,1330,1385,50700
2007-10-12,111,13250,1335,1285,1315,64920
2007-10-15,106,12750,1325,1270,1300,89500
2007-10-16,103,12300,1275,1230,1275,55040
2007-10-17,102,12200,1225,1135,1180,74000
2007-10-18,103,12300,1300,1230,1275,34240
2007-10-19,107,12850,1320,1230,1230,13900
2007-10-22,109,13000,1450,1200,1235,66000
2007-10-23,109,13000,1305,1295,1305,8200
2007-10-24,107,12850,1330,1240,1270,23900
2007-10-25,104,12400,1285,1240,1285,17600
2007-10-26,107,12800,1290,1200,1240,27600
2007-10-29,112,13400,1380,1270,1380,51800
2007-10-30,108,12950,1325,1230,1295,53900
2007-10-31,109,13050,1325,1260,1260,27300
2007-11-01,106,12650,1290,1255,1290,11100
2007-11-02,102,12250,1260,1215,1225,21400
2007-11-05,102,12200,1275,1190,1275,56000
2007-11-06,102,12250,1225,1195,1200,15100
2007-11-07,98,11750,1285,1175,1215,17000
2007-11-08,96,11500,1175,1080,1175,64800
2007-11-09,97,11600,1165,1135,1140,14900
2007-11-12,94,11250,1150,1065,1120,43000
2007-11-13,94,11300,1130,1080,1080,15800
2007-11-14,94,11300,1175,1120,1145,11400
2007-11-15,94,11300,1130,1100,1130,23800
2007-11-16,93,11200,1120,1100,1100,7400
2007-11-19,91,10850,1120,1070,1110,49700
2007-11-20,88,10600,1065,1025,1065,48500
2007-11-21,88,10600,1080,980,1040,35000
2007-11-22,90,10800,1080,980,1050,18800
2007-11-23,88,10600,1080,1020,1070,20100
2007-11-26,91,10950,1135,1025,1025,7000
2007-11-27,93,11100,1120,1060,1085,29100
2007-11-28,95,11350,1135,1100,1115,7100
2007-11-29,96,11450,1145,1105,1145,3000
2007-11-30,96,11500,1155,1120,1120,1500
2007-12-03,94,11250,1150,1105,1150,10200
2007-12-04,95,11350,1150,1085,1150,18100
2007-12-05,91,10850,1135,1080,1090,19000
2007-12-06,87,10450,1105,1035,1100,68000
2007-12-07,89,10700,1075,1055,1055,9400
2007-12-10,88,10600,1075,1040,1075,12000
2007-12-11,91,10850,1085,1050,1060,15000
2007-12-12,89,10700,1075,1030,1030,9700
2007-12-13,89,10650,1070,1050,1065,13900
2007-12-14,89,10650,1065,1065,1065,1000
2007-12-17,89,10650,1065,1050,1050,9900
2007-12-18,87,10400,1090,1040,1090,10000
2007-12-20,83,9990,1040,998,1040,62800
2007-12-21,84,10050,1020,990,1020,49300
2007-12-24,84,10100,1040,996,1010,43200
2007-12-26,84,10100,1020,995,1010,16000
2007-12-27,124,10050,1010,990,1010,9300
2007-12-28,124,10050,1025,986,1005,4700
2008-01-02,124,10050,1015,1005,1005,5300
2008-01-03,126,10200,1020,1000,1005,7100
2008-01-04,124,10100,1015,985,1010,6600
2008-01-07,121,9860,1000,970,980,18500
2008-01-08,121,9790,990,962,980,14600
2008-01-09,120,9770,983,957,957,6000
2008-01-10,120,9730,990,931,931,8300
2008-01-11,121,9850,988,968,969,1400
2008-01-14,119,9680,985,911,985,16200
2008-01-15,119,9630,977,933,935,28100
2008-01-16,113,9200,955,900,930,34800
2008-01-17,113,9180,940,901,920,48500
2008-01-18,112,9120,930,883,883,32600
2008-01-21,112,9120,915,900,912,5500
2008-01-22,104,8420,909,831,909,29300
2008-01-23,106,8630,915,851,875,24800
2008-01-24,108,8760,876,860,865,9800
2008-01-25,109,8830,900,876,889,23900
2008-01-28,106,8600,899,806,860,49900
2008-01-29,106,8600,887,840,840,23100
2008-01-30,107,8690,876,840,860,19600
2008-01-31,107,8680,870,841,870,15300
2008-02-01,107,8700,875,750,843,66500
2008-02-04,106,8600,861,843,860,13600
2008-02-05,109,8860,888,851,860,30600
2008-02-11,109,8830,886,845,886,4460
2008-02-12,116,9430,945,882,882,5600
2008-02-13,116,9440,944,916,917,11600
2008-02-14,116,9390,940,917,940,16700
2008-02-15,116,9450,991,906,991,6000
2008-02-18,116,9390,968,919,968,8800
2008-02-19,114,9290,937,916,916,7900
2008-02-20,113,9150,929,915,927,8200
2008-02-21,111,9030,950,901,915,13000
2008-02-22,109,8820,940,863,917,15500
2008-02-25,109,8880,906,861,861,10500
2008-02-26,115,9300,940,886,925,97000
2008-02-27,127,10300,1030,935,946,82600
2008-02-28,127,10300,1080,991,1045,38700
2008-02-29,132,10750,1160,1035,1160,19800
2008-03-03,133,10800,1090,1020,1050,17100
2008-03-04,131,10650,1070,1030,1055,12900
2008-03-05,136,11050,1110,1040,1080,57900
2008-03-06,136,11000,1130,1030,1130,25900
2008-03-07,132,10700,1085,1035,1055,13600
2008-03-10,132,10700,1070,1020,1050,16500
2008-03-11,128,10400,1060,1000,1000,6200
2008-03-12,124,10050,1090,991,1040,13500
2008-03-13,123,10000,1000,960,1000,21200
2008-03-14,126,10200,1040,990,1040,10200
2008-03-17,123,10000,1000,971,986,11800
2008-03-18,122,9900,1000,976,1000,4300
2008-03-19,123,9980,1010,980,1010,11600
2008-03-20,123,9950,998,970,998,6500
2008-03-21,126,10200,1020,1015,1020,3900
2008-03-24,126,10200,1035,1010,1035,9700
2008-03-25,123,10000,1045,991,1040,15400
2008-03-26,128,10350,1035,1000,1000,15800
2008-03-27,126,10250,1055,970,1055,5600
2008-03-28,123,10000,1050,971,1050,28900
2008-03-31,125,10150,1030,991,1030,13300
2008-04-01,126,10200,1025,985,1025,8500
2008-04-02,126,10200,1030,985,985,16000
2008-04-03,122,9900,1000,985,993,20220
2008-04-04,122,9900,1040,985,985,17400
2008-04-07,121,9840,1015,900,1015,15400
2008-04-08,120,9730,998,973,998,2700
2008-04-10,122,9900,990,950,973,5700
2008-04-11,122,9900,990,972,989,11800
2008-04-14,120,9750,985,953,964,22000
2008-04-15,122,9880,996,975,996,4600
2008-04-16,128,10400,1045,962,962,61810
2008-04-17,131,10650,1065,1020,1045,38100
2008-04-18,131,10600,1070,1025,1070,2100
2008-04-21,130,10550,1060,1025,1045,5200
2008-04-22,127,10300,1050,1000,1050,5600
2008-04-23,123,10000,1030,995,995,5580
2008-04-24,128,10400,1040,1000,1000,28800
2008-04-25,129,10500,1050,1000,1035,29800
2008-04-28,132,10700,1070,1000,1000,55320
2008-04-29,132,10700,1070,1025,1025,5000
2008-04-30,135,10950,1095,1070,1070,37300
2008-05-01,135,10950,1095,1095,1095,0
2008-05-02,134,10850,1110,1045,1095,12200
2008-05-05,134,10850,1085,1085,1085,0
2008-05-06,131,10650,1090,1050,1080,10700
2008-05-07,130,10550,1100,1055,1100,16100
2008-05-08,129,10450,1070,1025,1025,12300
2008-05-09,131,10650,1070,1015,1015,76500
2008-05-12,131,10650,1065,1065,1065,0
2008-05-13,131,10600,1085,1030,1085,11700
2008-05-14,128,10400,1065,1040,1065,3600
2008-05-15,129,10500,1060,1025,1040,14300
2008-05-16,128,10400,1055,1025,1055,12200
2008-05-19,132,10750,1145,1055,1145,21700
2008-05-20,134,10900,1120,1060,1120,37200
2008-05-21,132,10700,1075,1040,1075,21000
2008-05-22,129,10500,1065,1025,1065,16200
2008-05-23,127,10300,1070,1030,1070,16700
2008-05-26,122,9900,1030,990,1025,18610
2008-05-27,124,10100,1020,990,1000,12400
2008-05-28,123,10000,1020,990,990,9140
2008-05-29,123,10000,1015,990,1000,102900
2008-05-30,124,10100,1010,983,983,34300
2008-06-02,132,10700,1095,1000,1010,49100
2008-06-03,126,10200,1055,995,1015,48200
2008-06-04,125,10150,1015,993,1005,25000
2008-06-05,126,10250,1030,1000,1015,23450
2008-06-06,126,10250,1025,1025,1025,0
2008-06-09,123,10000,1010,950,950,23800
2008-06-10,124,10100,1020,995,1010,19300
2008-06-11,123,10000,1025,980,1025,30800
2008-06-12,123,9990,1020,984,1020,2080
2008-06-13,122,9910,1015,991,999,5000
2008-06-16,123,9990,1020,942,1000,40520
2008-06-17,121,9840,999,984,998,6100
2008-06-18,123,9980,1000,990,1000,16500
2008-06-19,123,9970,998,985,998,6000
2008-06-20,122,9890,999,961,961,8400
2008-06-23,123,9990,999,970,970,30600
2008-06-24,118,9570,997,957,997,15450
2008-06-25,119,9680,979,930,979,25300
2008-06-26,120,9720,988,831,978,34800
2008-06-27,119,9650,965,910,910,11800
2008-06-30,121,9850,994,938,994,2400
2008-07-01,121,9820,988,933,988,2000
2008-07-02,120,9720,982,940,941,7300
2008-07-03,115,9300,988,930,941,67600
2008-07-04,115,9300,947,915,915,123800
2008-07-07,116,9440,950,860,860,2100
2008-07-08,111,9000,943,900,943,59700
2008-07-09,111,8980,900,862,900,7400
2008-07-10,108,8800,896,870,871,69500
2008-07-11,111,9000,900,869,890,33000
2008-07-14,110,8970,899,875,899,1400
2008-07-15,110,8940,895,880,895,73100
2008-07-16,111,8990,899,899,899,200
2008-07-17,105,8500,931,850,931,8900
2008-07-18,109,8870,909,871,900,5900
2008-07-21,109,8850,894,862,862,25000
2008-07-22,106,8650,890,851,851,11700
2008-07-23,108,8740,888,870,870,8600
2008-07-24,111,8980,898,880,885,13700
2008-07-25,110,8930,897,871,871,40700
2008-07-28,110,8900,893,803,893,6200
2008-07-29,106,8600,881,860,861,6300
2008-07-30,107,8720,873,852,852,5400
2008-07-31,110,8900,890,870,887,7700
2008-08-01,110,8900,897,856,856,7400
2008-08-04,108,8760,876,757,852,38300
2008-08-05,107,8670,868,850,868,12600
2008-08-06,106,8600,870,850,867,11200
2008-08-07,107,8670,870,851,865,18600
2008-08-08,108,8800,880,876,876,300
2008-08-11,110,8940,894,892,892,200
2008-08-12,112,9060,906,898,898,200
2008-08-13,111,8990,910,888,910,600
2008-08-14,119,9700,998,870,880,14400
2008-08-15,119,9700,970,970,970,0
2008-08-18,117,9530,970,911,970,5100
2008-08-19,113,9140,946,870,946,5600
2008-08-20,107,8710,930,865,865,19500
2008-08-21,111,9000,900,870,899,33200
2008-08-22,110,8900,898,850,873,5300
2008-08-25,111,9000,900,900,900,1000
2008-08-26,111,8990,899,871,871,1100
2008-08-27,113,9190,928,871,927,1300
2008-08-28,114,9280,928,900,900,400
2008-08-29,113,9210,948,870,948,6000
2008-09-01,112,9090,919,871,919,12300
2008-09-02,107,8700,908,861,870,5500
2008-09-03,108,8760,876,870,870,2800
2008-09-04,109,8870,887,857,886,5800
2008-09-05,110,8940,900,894,900,200
2008-09-08,111,8980,898,894,894,10900
2008-09-09,111,8980,910,859,910,2700
2008-09-10,110,8970,897,897,897,500
2008-09-11,110,8940,909,875,897,4610
2008-09-12,112,9060,909,880,909,5400
2008-09-15,112,9060,906,906,906,0
2008-09-16,107,8700,880,796,879,12600
2008-09-17,107,8680,899,801,801,20600
2008-09-18,104,8460,846,821,821,3000
2008-09-19,103,8370,872,825,872,12050
2008-09-22,106,8600,897,830,830,13750
2008-09-23,102,8300,839,817,830,14900
2008-09-24,103,8380,840,830,836,35600
2008-09-25,105,8510,855,830,830,22200
2008-09-26,101,8240,860,824,860,8510
2008-09-29,101,8210,840,821,840,7200
2008-09-30,97,7910,831,791,800,7800
2008-10-01,100,8100,824,800,824,15800
2008-10-02,101,8170,820,803,816,4100
2008-10-03,101,8170,817,817,817,0
2008-10-06,99,8050,809,750,803,13100
2008-10-07,98,8000,800,751,781,22200
2008-10-08,85,6910,790,691,790,45200
2008-10-09,81,6550,739,650,739,61200
2008-10-10,76,6150,635,557,634,136100
2008-10-13,78,6380,638,600,613,28100
2008-10-14,88,7130,720,683,720,30000
2008-10-15,88,7150,719,700,719,7500
2008-10-16,82,6700,710,670,691,16000
2008-10-17,84,6850,723,662,723,23500
2008-10-20,85,6950,700,666,666,19100
2008-10-21,86,6970,699,670,695,10400
2008-10-22,87,7090,709,709,709,100
2008-10-23,77,6270,699,603,607,23200
2008-10-24,69,5610,643,561,643,230530
2008-10-27,68,5550,562,496,561,16100
2008-10-28,69,5650,565,545,549,43200
2008-10-29,67,5480,640,540,640,78300
2008-10-30,69,5630,586,548,550,59660
2008-10-31,69,5600,565,550,563,55000
2008-11-03,75,6130,615,560,560,30700
2008-11-04,75,6140,625,575,613,31500
2008-11-05,76,6210,660,610,610,55400
2008-11-06,69,5620,598,561,561,22400
2008-11-07,73,5960,598,550,550,40300
2008-11-10,72,5880,588,556,556,24500
2008-11-11,71,5810,593,570,593,11800
2008-11-12,70,5690,578,530,530,12500
2008-11-13,68,5540,554,526,540,30200
2008-11-14,69,5600,568,545,554,4200
2008-11-17,69,5580,560,540,560,5000
2008-11-18,68,5530,554,553,553,1600
2008-11-19,67,5450,553,526,526,1600
2008-11-20,61,5000,548,490,548,12600
2008-11-21,61,4995,499,460,499,32100
2008-11-24,61,4985,500,490,499,8700
2008-11-25,61,4980,500,460,500,40010
2008-11-26,61,4940,498,461,498,13700
2008-11-27,66,5360,537,490,494,102900
2008-11-28,63,5110,559,508,530,72200
2008-12-01,61,5000,516,500,511,5000
2008-12-02,61,5000,508,473,508,7800
2008-12-03,61,4985,500,480,500,7200
2008-12-04,61,4990,506,483,498,2900
2008-12-05,61,4970,501,483,498,6100
2008-12-08,63,5100,510,485,497,10900
2008-12-09,64,5240,524,509,510,6000
2008-12-10,66,5390,545,511,524,19200
2008-12-11,66,5390,573,530,540,38700
2008-12-12,66,5370,600,505,539,14100
2008-12-15,68,5540,600,525,545,4200
2008-12-16,68,5540,560,527,556,35300
2008-12-17,66,5410,630,528,533,59200
2008-12-18,70,5740,579,545,579,11000
2008-12-19,74,6030,610,562,579,39800
2008-12-22,77,6240,657,600,657,17500
2008-12-23,76,6190,640,603,624,10000
2008-12-24,76,6190,625,598,625,18900
2008-12-25,76,6190,619,619,619,0
2008-12-26,76,6210,622,621,622,1800
2008-12-29,144,6210,621,580,580,200
2008-12-30,145,6250,625,625,625,100
2008-12-31,145,6250,625,625,625,0
2009-01-02,140,6050,625,574,625,11200
2009-01-05,135,5860,605,586,605,200
2009-01-06,141,6100,624,605,607,21300
2009-01-07,143,6180,623,605,614,28240
2009-01-08,139,6020,617,602,617,10100
2009-01-09,143,6190,620,607,607,300
2009-01-12,139,6030,664,544,544,2200
2009-01-13,139,6030,603,603,603,100
2009-01-14,141,6090,670,560,560,9500
2009-01-15,139,6000,600,599,599,1700
2009-01-16,142,6150,615,599,599,800
2009-01-19,136,5900,610,567,610,8900
2009-01-20,134,5800,606,565,593,6400
2009-01-21,137,5930,593,575,579,600
2009-01-22,136,5880,597,578,597,2100
2009-01-23,133,5750,599,502,599,15600
2009-01-28,134,5780,580,573,575,2900
2009-01-29,130,5610,590,545,590,7700
2009-01-30,135,5850,585,530,573,3600
2009-02-02,134,5800,596,541,596,8100
2009-02-03,132,5710,589,555,589,25300
2009-02-04,129,5560,612,556,572,33400
2009-02-05,131,5660,571,550,571,44800
2009-02-06,134,5800,581,560,575,19000
2009-02-09,132,5700,585,552,579,27500
2009-02-10,135,5850,585,570,570,3900
2009-02-11,138,5970,598,584,584,10100
2009-02-12,139,5990,600,599,600,32500
2009-02-13,138,5980,600,587,599,8600
2009-02-16,138,5980,620,598,620,6000
2009-02-17,136,5900,590,567,567,500
2009-02-18,135,5850,585,557,557,2210
2009-02-19,130,5640,586,564,585,6300
2009-02-20,134,5800,583,569,569,2600
2009-02-23,134,5800,580,550,550,4000
2009-02-24,129,5600,579,547,579,2800
2009-02-25,130,5630,584,547,560,21300
2009-02-26,131,5650,568,530,560,9200
2009-02-27,132,5710,571,560,562,4000
2009-03-02,133,5740,574,574,574,300
2009-03-03,131,5650,565,538,538,700
2009-03-04,131,5670,567,563,563,6400
2009-03-05,132,5710,571,560,567,3200
2009-03-06,148,6390,639,551,551,9800
2009-03-09,141,6090,619,600,610,10600
2009-03-10,141,6090,615,609,615,10400
2009-03-11,139,6000,609,575,609,12200
2009-03-12,132,5730,629,573,629,11400
2009-03-13,139,6000,618,576,595,16700
2009-03-16,136,5900,608,579,608,5400
2009-03-17,139,6000,602,583,599,8600
2009-03-18,140,6060,625,590,625,30400
2009-03-19,141,6100,635,593,635,6400
2009-03-20,139,6000,634,600,630,79000
2009-03-23,139,6000,600,600,600,1500
2009-03-24,140,6060,608,597,601,35600
2009-03-25,140,6070,610,584,601,30200
2009-03-26,149,6450,650,590,607,106800
2009-03-27,150,6500,668,640,640,123500
2009-03-30,146,6300,650,555,650,75300
2009-03-31,150,6480,648,602,626,30100
2009-04-01,149,6430,649,620,645,34000
2009-04-02,154,6670,669,644,645,40800
2009-04-03,168,7270,749,650,664,57200
2009-04-06,168,7270,745,700,727,80900
2009-04-07,182,7880,795,700,727,59100
2009-04-08,174,7500,799,725,773,17300
2009-04-09,183,7920,797,758,758,38800
2009-04-10,176,7610,799,758,799,47610
2009-04-13,176,7600,770,728,766,99200
2009-04-14,174,7500,769,730,769,7000
2009-04-15,171,7400,747,712,741,34110
2009-04-16,168,7280,749,693,749,167500
2009-04-17,163,7050,728,680,728,87100
2009-04-20,157,6800,690,656,656,29200
2009-04-21,153,6630,678,656,665,35610
2009-04-22,159,6890,690,670,670,87600
2009-04-23,161,6960,708,660,692,33700
2009-04-24,158,6840,693,667,674,23120
2009-04-27,160,6930,702,670,681,26000
2009-04-28,153,6610,695,661,695,94910
2009-04-29,154,6670,679,654,670,57210
2009-04-30,158,6850,685,658,685,64210
2009-05-04,158,6830,688,673,685,13100
2009-05-06,158,6820,685,673,683,52000
2009-05-07,158,6830,685,672,676,38400
2009-05-08,158,6850,705,676,688,40660
2009-05-11,161,6980,702,691,698,21140
2009-05-12,162,6990,701,684,684,16910
2009-05-13,163,7060,707,688,692,54900
2009-05-14,164,7070,708,705,707,30800
2009-05-15,168,7280,739,695,695,67930
2009-05-18,169,7290,730,716,730,12500
2009-05-19,169,7320,740,711,738,44700
2009-05-20,192,8300,839,727,730,163500
2009-05-21,185,8000,879,733,829,47200
2009-05-22,185,7990,814,777,789,29000
2009-05-25,185,7990,860,741,741,112800
2009-05-26,185,8000,842,776,799,93200
2009-05-27,177,7670,819,767,800,30300
2009-05-28,177,7640,769,731,761,7430
2009-05-29,171,7410,765,721,752,11200
2009-06-01,170,7330,738,707,725,44710
2009-06-02,169,7310,745,721,733,9000
2009-06-03,164,7090,760,694,760,112270
2009-06-04,157,6790,709,669,693,165410
2009-06-05,157,6780,682,664,679,56480
2009-06-08,157,6770,688,674,683,56800
2009-06-09,156,6760,695,675,675,43630
2009-06-10,162,7010,704,680,680,50900
2009-06-11,160,6910,712,691,712,24800
2009-06-12,162,6990,700,667,680,97600
2009-06-15,161,6940,698,673,698,11200
2009-06-16,158,6850,690,663,663,15400
2009-06-17,159,6890,689,675,685,17800
2009-06-18,158,6810,686,680,680,9360
2009-06-19,159,6880,688,681,681,2400
2009-06-22,159,6890,689,670,670,7600
2009-06-23,157,6780,678,662,666,42900
2009-06-24,154,6650,694,653,665,44600
2009-06-25,154,6660,680,660,668,8400
2009-06-26,154,6660,666,661,661,31800
2009-06-29,151,6510,667,651,655,55100
2009-06-30,155,6710,671,652,653,7400
2009-07-01,155,6700,670,665,670,12400
2009-07-02,155,6710,673,650,663,34300
2009-07-03,157,6790,680,671,674,15640
2009-07-06,157,6790,680,670,679,5100
2009-07-07,157,6790,688,664,664,13710
2009-07-08,157,6790,685,658,658,1600
2009-07-09,158,6830,683,670,671,56800
2009-07-10,158,6810,688,664,674,69300
2009-07-13,160,6910,714,676,681,22900
2009-07-14,162,7000,715,688,693,19800
2009-07-15,168,7240,739,703,705,27200
2009-07-16,165,7140,742,700,728,37800
2009-07-17,160,6900,719,658,710,14110
2009-07-20,160,6930,700,673,676,32530
2009-07-21,164,7090,710,679,690,10000
2009-07-22,164,7110,715,693,714,15800
2009-07-23,165,7150,717,691,717,23830
2009-07-24,162,6990,715,685,685,19450
2009-07-27,162,6990,708,684,703,62000
2009-07-28,161,6950,708,689,689,37800
2009-07-29,161,6960,707,688,707,34800
2009-07-30,162,6990,708,690,696,29400
2009-07-31,162,7000,700,690,697,66200
2009-08-03,164,7080,708,690,701,121200
2009-08-04,161,6980,711,691,700,95090
2009-08-05,162,7000,709,693,695,46200
2009-08-06,163,7050,708,693,708,133500
2009-08-07,165,7150,717,700,700,33100
2009-08-10,169,7320,732,718,718,17400
2009-08-11,174,7520,754,731,731,57100
2009-08-12,200,8640,864,765,765,1101450
2009-08-13,213,9190,979,900,915,1031800
2009-08-14,189,8150,919,800,919,455300
2009-08-17,190,8230,847,810,840,233100
2009-08-18,181,7800,809,761,805,245200
2009-08-19,183,7890,805,771,790,109300
2009-08-20,186,8050,813,790,790,94100
2009-08-21,187,8100,828,795,805,133350
2009-08-24,183,7900,848,785,808,116200
2009-08-25,179,7740,780,768,771,80200
2009-08-26,178,7680,791,765,791,95100
2009-08-27,175,7570,788,755,763,65100
2009-08-28,177,7650,780,754,756,53100
2009-08-31,177,7650,779,755,765,64000
2009-09-01,176,7600,778,755,778,31300
2009-09-02,175,7550,760,750,760,34000
2009-09-03,177,7650,765,750,758,31000
2009-09-04,181,7820,799,765,769,49300
2009-09-07,182,7860,790,759,771,93490
2009-09-08,182,7880,805,786,795,50500
2009-09-09,182,7860,788,770,788,45500
2009-09-10,183,7890,801,773,801,23320
2009-09-11,186,8040,805,778,789,25400
2009-09-14,185,8000,814,795,796,12210
2009-09-15,187,8100,820,800,800,51800
2009-09-16,187,8100,814,801,814,33900
2009-09-17,183,7920,816,792,816,19200
2009-09-18,187,8100,810,790,800,21100
2009-09-21,185,8000,805,790,790,15380
2009-09-22,187,8080,815,790,815,6800
2009-09-23,185,7980,808,790,808,70700
2009-09-24,180,7780,802,777,802,26400
2009-09-25,180,7760,783,755,770,48300
2009-09-28,181,7840,784,760,776,38200
2009-09-29,179,7740,816,765,816,18900
2009-09-30,177,7650,804,761,774,56500
2009-10-01,179,7740,788,761,768,11710
2009-10-05,174,7500,790,750,774,400
2009-10-06,177,7670,779,750,779,9300
2009-10-07,176,7610,790,753,760,12700
2009-10-08,177,7660,773,750,761,14300
2009-10-09,178,7690,789,765,789,7200
2009-10-12,173,7480,774,748,774,48600
2009-10-13,178,7690,788,748,748,8900
2009-10-14,176,7600,779,757,779,8020
2009-10-15,182,7850,797,765,797,1400
2009-10-16,178,7710,790,771,785,1300
2009-10-19,178,7680,771,753,771,19100
2009-10-20,176,7590,798,743,798,36850
2009-10-21,175,7550,760,745,759,20600
2009-10-22,172,7450,750,744,750,23000
2009-10-23,174,7530,753,745,745,6400
2009-10-26,173,7490,753,745,746,54600
2009-10-27,171,7400,749,740,749,28100
2009-10-28,170,7340,752,734,752,22800
2009-10-29,167,7210,740,675,702,70520
2009-10-30,166,7190,739,707,739,45350
2009-11-02,166,7190,719,700,715,9900
2009-11-03,164,7100,715,710,715,1510
2009-11-04,167,7230,753,690,738,25310
2009-11-05,165,7140,721,700,700,4610
2009-11-06,167,7230,724,704,711,7300
2009-11-09,162,7020,730,702,720,6960
2009-11-10,167,7200,745,720,720,5000
2009-11-11,160,6910,710,625,710,17500
2009-11-12,161,6980,718,685,694,4710
2009-11-13,161,6970,702,681,702,13000
2009-11-16,160,6900,700,680,700,6110
2009-11-17,156,6760,720,676,720,8120
2009-11-18,156,6730,686,660,686,16950
2009-11-19,156,6750,688,660,673,4410
2009-11-20,158,6830,684,682,682,700
2009-11-23,163,7050,705,663,683,21710
2009-11-24,163,7030,705,673,695,31200
2009-11-25,160,6900,711,677,703,9600
2009-11-26,160,6900,698,679,690,6900
2009-11-27,157,6770,695,661,695,6900
2009-11-30,156,6760,677,655,677,20500
2009-12-01,151,6530,660,645,660,70430
2009-12-02,155,6700,670,653,657,19470
2009-12-03,154,6650,679,658,678,3200
2009-12-04,155,6700,675,665,675,16800
2009-12-07,158,6830,684,670,670,12200
2009-12-08,157,6800,695,680,690,11200
2009-12-09,159,6860,696,680,680,4900
2009-12-10,165,7150,719,690,690,18400
2009-12-11,169,7300,737,705,737,12100
2009-12-14,166,7180,738,700,738,43900
2009-12-15,167,7200,720,715,720,11700
2009-12-16,169,7290,730,720,730,7950
2009-12-17,169,7300,732,721,732,8200
2009-12-18,171,7380,749,730,749,8400
2009-12-21,168,7250,738,725,738,21100
2009-12-22,169,7310,738,717,738,29900
2009-12-23,170,7360,736,720,735,18700
2009-12-24,170,7350,743,718,743,34600
2009-12-28,170,7340,748,725,725,14810
2009-12-29,436,7280,740,714,740,6500
2009-12-30,430,7170,765,713,765,6000
2010-01-04,431,7200,720,713,717,5300
2010-01-05,434,7250,750,722,745,10200
2010-01-06,428,7150,730,711,730,82400
2010-01-07,433,7230,737,711,711,10100
2010-01-08,430,7180,740,718,740,25900
2010-01-11,434,7240,724,715,716,26200
2010-01-12,435,7260,729,710,723,41400
2010-01-13,431,7200,740,720,728,3600
2010-01-14,436,7280,732,720,732,2400
2010-01-15,435,7260,740,720,740,6800
2010-01-18,431,7190,730,711,730,34430
2010-01-19,426,7110,724,706,706,41400
2010-01-20,427,7120,715,708,710,17900
2010-01-21,430,7170,725,706,725,33700
2010-01-22,424,7080,719,707,717,11440
2010-01-25,422,7040,708,695,708,29600
2010-01-26,418,6980,705,693,705,58000
2010-01-27,414,6910,699,691,698,13110
2010-01-28,419,6990,699,685,691,32500
2010-01-29,416,6940,697,680,697,7900
2010-02-01,416,6950,695,678,695,18400
2010-02-02,409,6830,699,683,685,11500
2010-02-03,412,6880,750,686,750,13100
2010-02-04,436,7280,729,688,688,32600
2010-02-05,427,7130,713,688,690,5100
2010-02-08,414,6910,705,689,693,42400
2010-02-09,428,7140,741,697,741,41700
2010-02-10,419,7000,720,700,708,28600
2010-02-11,431,7200,728,700,700,131900
2010-02-12,436,7280,738,710,734,49300
2010-02-16,440,7340,745,728,728,35100
2010-02-17,449,7500,760,740,750,37600
2010-02-18,456,7610,767,745,767,40600
2010-02-19,467,7800,780,755,765,124500
2010-02-22,491,8190,830,766,780,145300
2010-02-23,485,8100,820,800,820,24800
2010-02-24,467,7790,813,766,767,17300
2010-02-25,470,7840,829,761,829,17700
2010-02-26,460,7680,819,764,785,20800
2010-03-02,458,7640,790,759,768,12120
2010-03-03,458,7640,770,747,764,61000
2010-03-04,449,7490,795,740,795,44420
2010-03-05,452,7540,767,733,767,31640
2010-03-08,453,7560,765,749,750,14100
2010-03-09,457,7620,770,757,763,9200
2010-03-10,455,7600,789,760,760,42970
2010-03-11,457,7630,777,749,760,19300
2010-03-12,467,7800,780,761,762,25400
2010-03-15,479,8000,807,765,790,100800
2010-03-16,485,8100,815,800,805,18600
2010-03-17,500,8340,839,810,815,40140
2010-03-18,493,8230,845,810,845,120600
2010-03-19,496,8280,833,815,833,5600
2010-03-22,485,8090,835,801,835,12700
2010-03-23,485,8100,818,800,802,29000
2010-03-24,499,8330,834,825,825,37700
2010-03-25,504,8420,850,825,833,12700
2010-03-26,501,8370,850,837,842,1300
2010-03-29,485,8100,830,801,830,40130
2010-03-30,494,8250,837,810,810,8700
2010-03-31,491,8190,820,810,820,11800
2010-04-01,501,8370,837,819,820,28400
2010-04-02,503,8400,843,831,842,25800
2010-04-05,515,8600,867,853,865,24000
2010-04-06,536,8950,895,860,868,84600
2010-04-07,515,8600,890,856,890,22400
2010-04-08,517,8630,870,850,869,12600
2010-04-09,528,8820,905,860,890,27240
2010-04-12,545,9100,914,850,882,72830
2010-04-13,543,9070,920,871,920,36100
2010-04-14,547,9130,914,891,905,27200
2010-04-15,542,9040,914,901,905,38600
2010-04-16,545,9100,919,892,892,21930
2010-04-19,626,10450,1045,900,910,491590
2010-04-20,719,12000,1200,1140,1140,1455920
2010-04-21,671,11200,1380,1060,1370,3855240
2010-04-22,656,10950,1160,1055,1130,1325010
2010-04-23,647,10800,1250,1075,1100,1814640
2010-04-26,626,10450,1095,1020,1085,555120
2010-04-27,635,10600,1095,1040,1055,340700
2010-04-28,608,10150,1030,990,1015,341230
2010-04-29,581,9690,1020,960,1010,289780
2010-04-30,573,9560,990,934,990,311040
2010-05-03,557,9290,959,920,950,175330
2010-05-04,556,9280,939,915,939,98310
2010-05-06,554,9240,928,900,928,161520
2010-05-07,545,9090,918,880,918,72110
2010-05-10,551,9200,939,900,900,97930
2010-05-11,549,9160,935,911,932,62330
2010-05-12,557,9300,959,908,925,77460
2010-05-13,575,9600,962,930,939,126200
2010-05-14,599,10000,1040,945,959,351000
2010-05-17,558,9320,992,932,992,146860
2010-05-18,541,9030,957,903,935,137970
2010-05-19,542,9050,916,885,903,77000
2010-05-20,530,8850,922,851,906,46290
2010-05-24,524,8740,900,833,885,37740
2010-05-25,500,8340,917,786,900,134910
2010-05-26,507,8470,860,821,840,29540
2010-05-27,514,8580,860,820,820,27300
2010-05-28,526,8780,882,858,858,38600
2010-05-31,519,8670,879,846,875,23400
2010-06-01,518,8640,880,850,850,92800
2010-06-03,595,9930,993,864,864,255800
2010-06-04,578,9650,1005,943,990,213560
2010-06-07,548,9140,939,910,925,181940
2010-06-08,551,9190,925,902,902,65410
2010-06-09,530,8850,940,870,940,92410
2010-06-10,540,9010,913,880,905,36260
2010-06-11,540,9020,905,890,901,49600
2010-06-14,539,9000,944,885,944,22040
2010-06-15,539,9000,920,880,904,42110
2010-06-16,542,9050,910,897,910,56200
2010-06-17,536,8950,934,883,900,65430
2010-06-18,543,9070,915,894,898,80250
2010-06-21,551,9190,925,911,919,30000
2010-06-22,538,8980,924,896,924,21400
2010-06-23,539,8990,901,893,899,15500
2010-06-24,539,9000,915,895,915,27100
2010-06-25,539,9000,959,900,900,13000
2010-06-28,543,9070,910,887,901,55180
2010-06-29,543,9070,920,897,910,14300
2010-06-30,540,9020,906,882,906,30500
2010-07-01,534,8910,927,890,906,27600
2010-07-02,540,9020,925,892,895,45900
2010-07-05,540,9020,920,890,903,6400
2010-07-06,536,8940,915,851,915,21500
2010-07-07,536,8950,920,878,920,10400
2010-07-08,543,9070,909,887,887,7700
2010-07-09,542,9050,915,900,915,6000
2010-07-12,548,9150,917,905,905,32800
2010-07-13,544,9080,920,900,919,13760
2010-07-14,546,9110,916,892,916,34440
2010-07-15,543,9060,908,890,901,53600
2010-07-16,543,9070,910,895,906,17200
2010-07-19,543,9070,909,885,886,11500
2010-07-20,543,9070,910,896,910,14900
2010-07-21,545,9100,917,902,907,13520
2010-07-22,543,9060,914,902,910,18100
2010-07-23,541,9030,910,890,910,17400
2010-07-26,544,9080,908,882,882,18500
2010-07-27,569,9500,950,890,911,61700
2010-07-28,565,9430,949,910,934,68800
2010-07-29,581,9700,978,943,943,137610
2010-07-30,594,9910,1030,965,970,218290
2010-08-02,680,11350,1135,994,994,988810
2010-08-03,623,10400,1180,1030,1145,681660
2010-08-04,608,10150,1025,989,1000,190550
2010-08-05,623,10400,1050,996,1025,131830
2010-08-06,668,11150,1135,1010,1035,173800
2010-08-09,659,11000,1165,1080,1120,139720
2010-08-10,635,10600,1150,1060,1100,194710
2010-08-11,596,9950,1095,995,1050,258100
2010-08-12,611,10200,1020,970,994,111830
2010-08-13,626,10450,1045,1005,1020,73000
2010-08-16,635,10600,1065,1035,1035,79700
2010-08-17,635,10600,1070,1040,1070,65000
2010-08-18,635,10600,1110,1035,1035,108900
2010-08-19,626,10450,1095,1045,1060,88500
2010-08-20,614,10250,1055,1025,1050,113800
2010-08-23,629,10500,1060,1025,1060,105410
2010-08-24,620,10350,1050,1010,1035,161390
2010-08-25,614,10250,1055,1015,1015,60500
2010-08-26,623,10400,1040,1015,1025,37200
2010-08-27,620,10350,1045,1020,1020,79100
2010-08-30,656,10950,1115,1035,1035,264370
2010-08-31,644,10750,1090,1055,1090,54200
2010-09-01,644,10750,1095,1070,1075,140600
2010-09-02,701,11700,1170,1080,1080,173100
2010-09-03,674,11250,1200,1125,1190,130520
2010-09-06,683,11400,1150,1125,1130,90640
2010-09-07,692,11550,1160,1130,1140,66720
2010-09-08,692,11550,1160,1130,1160,80900
2010-09-09,689,11500,1175,1115,1145,106800
2010-09-10,680,11350,1195,1125,1195,72010
2010-09-13,671,11200,1160,1100,1120,59970
2010-09-14,677,11300,1150,1110,1115,39000
2010-09-15,671,11200,1135,1090,1120,49400
2010-09-16,689,11500,1150,1120,1150,47400
2010-09-17,686,11450,1155,1110,1145,20070
2010-09-20,701,11700,1200,1140,1180,93510
2010-09-24,761,12700,1310,1170,1170,254420
2010-09-27,755,12600,1320,1255,1255,120500
2010-09-28,752,12550,1295,1255,1295,49900
2010-09-29,725,12100,1280,1210,1280,51800
2010-09-30,722,12050,1240,1165,1210,60710
2010-10-01,731,12200,1290,1215,1290,37700
2010-10-04,755,12600,1260,1200,1220,120810
2010-10-05,728,12150,1255,1210,1230,37400
2010-10-06,734,12250,1260,1195,1225,87200
2010-10-07,719,12000,1235,1200,1210,110300
2010-10-08,737,12300,1230,1200,1200,31300
2010-10-11,737,12300,1250,1205,1230,44500
2010-10-12,710,11850,1235,1150,1210,66800
2010-10-13,719,12000,1220,1170,1190,39500
2010-10-14,698,11650,1210,1150,1210,93040
2010-10-15,671,11200,1185,1100,1175,204330
2010-10-18,689,11500,1160,1130,1130,54100
2010-10-19,689,11500,1175,1140,1175,59800
2010-10-20,701,11700,1175,1120,1130,67620
2010-10-21,707,11800,1200,1155,1175,65600
2010-10-22,731,12200,1225,1175,1190,133200
2010-10-25,743,12400,1245,1215,1230,62200
2010-10-26,755,12600,1260,1225,1230,70200
2010-10-27,764,12750,1310,1235,1245,89400
2010-10-28,740,12350,1260,1205,1250,109610
2010-10-29,719,12000,1240,1175,1235,134210
2010-11-01,743,12400,1240,1165,1165,86690
2010-11-02,746,12450,1245,1225,1240,16300
2010-11-03,746,12450,1270,1235,1245,45100
2010-11-04,746,12450,1260,1230,1260,10200
2010-11-05,734,12250,1250,1200,1235,63900
2010-11-08,722,12050,1225,1195,1225,19000
2010-11-09,722,12050,1210,1170,1205,37400
2010-11-10,716,11950,1210,1160,1210,89100
2010-11-11,689,11500,1210,1150,1195,72620
2010-11-12,698,11650,1175,1150,1150,138000
2010-11-15,698,11650,1185,1140,1175,35730
2010-11-16,629,10500,1165,1020,1140,304500
2010-11-17,638,10650,1070,1040,1045,46500
2010-11-18,641,10700,1075,1050,1050,80210
2010-11-19,653,10900,1135,1070,1070,39410
2010-11-22,653,10900,1150,1060,1150,74300
2010-11-23,644,10750,1145,1075,1090,52400
2010-11-24,620,10350,1080,1030,1030,78100
2010-11-25,635,10600,1070,1025,1055,73600
2010-11-26,617,10300,1070,1025,1045,41300
2010-11-29,617,10300,1060,1000,1030,60400
2010-11-30,626,10450,1060,1040,1040,9620
2010-12-01,629,10500,1060,1025,1060,14000
2010-12-02,641,10700,1090,1040,1060,10100
2010-12-03,629,10500,1080,1050,1070,16400
2010-12-06,635,10600,1060,1040,1045,31400
2010-12-07,635,10600,1070,1040,1070,29800
2010-12-08,635,10600,1080,1050,1050,20100
2010-12-09,641,10700,1070,1045,1045,5300
2010-12-10,641,10700,1070,1045,1070,6100
2010-12-13,644,10750,1075,1045,1070,34810
2010-12-14,650,10850,1105,1065,1080,7700
2010-12-15,641,10700,1090,1050,1090,18800
2010-12-16,644,10750,1080,1050,1050,10600
2010-12-17,638,10650,1065,1045,1045,34500
2010-12-20,623,10400,1060,1035,1040,19800
2010-12-21,635,10600,1185,1055,1055,141250
2010-12-22,632,10550,1115,1045,1045,17200
2010-12-23,635,10600,1060,1040,1050,29400
2010-12-24,641,10700,1070,1045,1070,26100
2010-12-27,635,10600,1070,1045,1070,19200
2010-12-28,635,10600,1070,1045,1060,26740
2010-12-29,1001,10400,1050,1030,1050,11100
2010-12-30,1011,10500,1070,1035,1040,9400
2011-01-03,996,10350,1035,1025,1035,10500
2011-01-04,1006,10450,1045,1000,1035,40300
2011-01-05,1001,10400,1045,1000,1015,48600
2011-01-06,963,10000,1040,1000,1015,35000
2011-01-07,968,10050,1010,995,1005,37300
2011-01-10,963,10000,1010,995,1000,69600
2011-01-11,972,10100,1020,852,1015,45900
2011-01-12,961,9980,1010,987,997,19500
2011-01-13,968,10050,1050,990,1020,35940
2011-01-14,982,10200,1035,1000,1005,21100
2011-01-17,961,9980,1015,998,999,15000
2011-01-18,953,9900,1000,990,1000,25700
2011-01-19,963,10000,1000,998,1000,6700
2011-01-20,961,9980,998,986,988,9300
2011-01-21,953,9900,1005,979,991,26800
2011-01-24,952,9890,998,980,998,61900
2011-01-25,960,9970,1010,989,989,2300
2011-01-26,950,9870,993,976,986,18700
2011-01-27,950,9870,990,973,990,8100
2011-01-28,943,9800,981,970,970,6200
2011-01-31,926,9620,986,957,980,4700
2011-02-01,933,9690,974,954,957,4560
2011-02-07,936,9720,979,969,969,5300
2011-02-08,915,9500,969,930,958,33900
2011-02-09,916,9510,980,938,966,22900
2011-02-10,915,9500,974,930,957,3840
2011-02-11,869,9030,929,902,908,140600
2011-02-14,848,8810,918,880,908,80150
2011-02-15,833,8650,880,864,880,10500
2011-02-16,838,8700,882,861,865,42300
2011-02-17,810,8410,870,840,870,72450
2011-02-18,830,8620,863,860,863,11100
2011-02-21,830,8620,879,860,863,14700
2011-02-22,829,8610,862,840,860,8400
2011-02-23,828,8600,861,843,860,10500
2011-02-24,818,8500,861,838,861,5200
2011-02-25,818,8500,853,752,752,18900
2011-02-28,817,8490,859,841,854,4500
2011-03-02,829,8610,863,850,863,12700
2011-03-03,826,8580,865,845,865,22100
2011-03-04,825,8570,858,850,850,29400
2011-03-07,817,8490,860,820,860,52300
2011-03-08,824,8560,890,840,854,26400
2011-03-09,812,8440,850,830,841,29100
2011-03-10,803,8340,835,810,828,22300
2011-03-11,761,7910,826,781,811,89800
2011-03-14,773,8030,831,793,809,25800
2011-03-15,774,8040,827,785,787,24400
2011-03-16,775,8050,814,792,809,6200
2011-03-17,774,8040,835,783,805,11500
2011-03-18,777,8070,818,804,804,2200
2011-03-21,786,8170,826,807,807,16400
2011-03-22,795,8260,835,812,816,6000
2011-03-23,788,8190,826,813,826,3500
2011-03-24,799,8300,835,819,819,24100
2011-03-25,801,8320,843,827,836,10500
2011-03-28,789,8200,860,801,832,16400
2011-03-29,812,8430,845,820,820,53600
2011-03-30,838,8700,887,843,843,29200
2011-03-31,848,8810,891,867,890,16600
2011-04-01,836,8680,891,868,891,24500
2011-04-04,844,8770,884,864,868,2100
2011-04-05,844,8770,890,856,860,12100
2011-04-06,838,8700,877,858,877,10500
2011-04-07,826,8580,869,835,860,60900
2011-04-08,801,8320,851,828,851,59920
2011-04-11,812,8430,843,835,843,17000
2011-04-12,814,8460,859,843,845,13600
2011-04-13,856,8890,890,846,846,68700
2011-04-14,900,9350,950,890,891,121550
2011-04-15,903,9380,954,920,947,51300
2011-04-18,943,9800,984,928,951,101000
2011-04-19,894,9290,975,920,957,73100
2011-04-20,881,9150,950,902,929,43600
2011-04-21,866,9000,927,893,918,26200
2011-04-22,874,9080,935,896,896,27300
2011-04-25,972,10100,1030,920,935,249200
2011-04-26,1030,10700,1160,1010,1010,1656100
2011-04-27,953,9900,1110,987,1110,413700
2011-04-28,972,10100,1045,989,990,173100
2011-04-29,953,9900,1060,952,1015,256100
2011-05-02,947,9840,1040,951,996,65100
2011-05-03,920,9560,983,938,980,61830
2011-05-04,944,9810,985,942,951,20500
2011-05-06,934,9700,977,950,957,28700
2011-05-09,891,9260,975,913,951,68310
2011-05-11,885,9190,945,918,926,79600
2011-05-12,891,9260,947,895,926,49300
2011-05-13,886,9200,957,911,939,32700
2011-05-16,901,9360,936,911,930,5700
2011-05-17,895,9300,944,918,937,6100
2011-05-18,890,9240,937,910,937,17600
2011-05-19,867,9010,940,900,940,5400
2011-05-20,882,9160,918,900,900,10800
2011-05-23,880,9140,915,892,913,17000
2011-05-24,875,9090,914,891,891,19700
2011-05-25,876,9100,935,900,915,9200
2011-05-26,881,9150,915,891,910,9800
2011-05-27,855,8880,928,862,919,77110
2011-05-30,862,8950,900,879,900,20000
2011-05-31,868,9020,908,871,895,66100
2011-06-01,864,8980,900,878,882,16300
2011-06-02,838,8710,906,864,906,19010
2011-06-03,833,8650,867,834,855,91400
2011-06-07,822,8540,854,831,847,36000
2011-06-08,822,8540,873,835,863,32000
2011-06-09,820,8520,860,843,860,2000
2011-06-10,828,8600,860,837,860,3000
2011-06-13,822,8540,854,837,850,1700
2011-06-14,847,8800,919,854,854,13800
2011-06-15,845,8780,880,857,880,3700
2011-06-16,814,8460,882,846,882,4810
2011-06-17,831,8630,863,863,863,100
2011-06-20,838,8700,950,863,863,7600
2011-06-21,858,8910,891,868,868,29720
2011-06-22,873,9070,907,891,891,15400
2011-06-23,874,9080,909,891,909,4100
2011-06-24,874,9080,909,891,909,2000
2011-06-27,865,8990,900,821,881,14400
2011-06-28,865,8990,900,860,900,3600
2011-06-29,834,8660,900,855,899,10390
2011-06-30,847,8800,889,855,879,19300
2011-07-01,866,9000,900,865,881,4500
2011-07-04,874,9080,909,882,902,16310
2011-07-05,878,9120,917,900,909,6300
2011-07-06,859,8920,917,822,910,19300
2011-07-07,859,8920,897,892,897,5500
2011-07-08,866,9000,900,894,899,11700
2011-07-11,873,9070,908,891,908,14800
2011-07-12,872,9060,906,851,889,17300
2011-07-13,864,8980,906,890,906,4800
2011-07-14,864,8980,908,898,908,1300
2011-07-15,864,8980,898,873,883,10500
2011-07-18,886,9200,920,862,868,31100
2011-07-19,876,9100,920,891,891,34100
2011-07-20,879,9130,913,910,910,22500
2011-07-21,878,9120,919,912,913,5700
2011-07-22,890,9240,930,909,928,98500
2011-07-25,914,9490,957,930,937,50510
2011-07-26,922,9580,973,938,938,61300
2011-07-27,928,9640,971,950,958,41400
2011-07-28,908,9430,977,943,977,21000
2011-07-29,905,9400,985,940,947,15300
2011-08-01,921,9570,964,940,964,15100
2011-08-02,915,9500,963,935,951,15800
2011-08-03,895,9300,940,910,929,17000
2011-08-04,889,9230,935,900,930,26600
2011-08-05,828,8600,898,860,898,28900
2011-08-08,797,8280,850,760,848,66400
2011-08-09,783,8130,825,723,815,38400
2011-08-10,780,8100,850,793,813,28800
2011-08-11,770,8000,809,780,800,83100
2011-08-12,769,7990,850,799,850,13000
2011-08-16,789,8200,820,790,799,35100
2011-08-17,809,8400,840,814,820,32500
2011-08-18,804,8350,854,815,845,26500
2011-08-19,779,8090,817,795,811,33600
2011-08-22,780,8100,818,794,818,10700
2011-08-23,793,8240,824,801,810,14000
2011-08-24,775,8050,821,803,803,4110
2011-08-25,786,8170,818,803,810,7000
2011-08-26,782,8120,816,795,805,17100
2011-08-29,797,8280,835,815,818,3100
2011-08-30,804,8350,836,812,812,46200
2011-08-31,801,8320,839,821,826,55400
2011-09-01,808,8390,840,822,822,13800
2011-09-02,804,8350,835,821,829,6700
2011-09-05,770,8000,825,800,824,58100
2011-09-06,770,8000,820,793,800,42610
2011-09-07,785,8150,818,802,809,1800
2011-09-08,787,8180,818,815,815,6200
2011-09-09,785,8150,815,802,810,2700
2011-09-14,772,8020,818,785,793,22100
2011-09-15,776,8060,813,794,800,18600
2011-09-16,785,8150,815,797,805,10200
2011-09-19,782,8120,812,799,805,13100
2011-09-20,782,8120,814,811,811,2780
2011-09-21,770,8000,811,799,800,52200
2011-09-22,769,7990,812,785,804,26000
2011-09-23,768,7980,798,770,786,61300
2011-09-26,717,7450,790,730,778,90340
2011-09-27,732,7600,769,752,754,19060
2011-09-28,717,7450,760,723,760,39600
2011-09-29,731,7590,760,738,738,58800
2011-09-30,733,7610,762,757,761,6900
2011-10-04,727,7550,760,745,750,23900
2011-10-05,733,7610,850,745,745,183300
2011-10-06,787,8180,830,760,769,32400
2011-10-07,783,8130,818,796,818,16900
2011-10-10,778,8080,818,781,818,13500
2011-10-11,794,8250,828,809,809,36200
2011-10-12,798,8290,848,819,848,6000
2011-10-13,800,8310,855,830,836,46100
2011-10-14,801,8320,854,820,830,55600
2011-10-17,812,8430,850,833,850,18400
2011-10-18,809,8400,840,824,840,20600
2011-10-19,805,8360,836,822,822,13000
2011-10-20,802,8330,835,811,822,54200
2011-10-21,786,8160,836,812,836,11600
2011-10-24,805,8360,845,819,820,7000
2011-10-25,809,8400,854,821,836,105200
2011-10-26,805,8360,850,830,844,66100
2011-10-27,838,8710,900,853,854,52900
2011-10-28,828,8600,885,845,873,41510
2011-10-31,831,8630,880,846,863,21900
2011-11-01,821,8530,856,838,846,11100
2011-11-02,809,8400,860,810,860,6600
2011-11-03,808,8390,845,800,845,21400
2011-11-04,817,8490,860,837,840,2700
2011-11-07,817,8490,850,830,842,22200
2011-11-08,812,8430,880,831,854,7030
2011-11-09,813,8450,853,821,850,14700
2011-11-10,795,8260,842,818,828,47000
2011-11-11,799,8300,833,802,830,10400
2011-11-14,807,8380,849,830,836,22500
2011-11-15,803,8340,838,823,828,8000
2011-11-16,807,8380,842,826,842,1000
2011-11-17,808,8390,841,821,841,5500
2011-11-18,803,8340,834,820,822,500
2011-11-21,803,8340,835,822,824,6700
2011-11-22,804,8350,838,820,820,23400
2011-11-23,817,8490,850,820,820,105600
2011-11-24,817,8490,854,826,826,37400
2011-11-25,815,8470,870,830,854,31500
2011-11-28,818,8500,868,840,854,73200
2011-11-29,847,8800,900,860,863,85600
2011-11-30,840,8730,897,864,880,14810
2011-12-01,862,8950,895,866,890,19400
2011-12-02,860,8930,899,873,899,14800
2011-12-05,856,8890,935,884,900,25300
2011-12-06,888,9220,935,893,893,11100
2011-12-07,1021,10600,1060,937,966,1757720
2011-12-08,1170,12150,1215,1150,1180,589940
2011-12-09,1343,13950,1395,1255,1395,3395510
2011-12-12,1541,16000,1600,1425,1580,1562690
2011-12-13,1772,18400,1840,1660,1680,985440
2011-12-14,2037,21150,2115,2050,2115,286670
2011-12-15,1733,18000,2430,1800,2430,6867610
2011-12-16,1560,16200,1840,1555,1785,5055370
2011-12-19,1584,16450,1695,1410,1650,3172000
2011-12-20,1695,17600,1785,1620,1655,2822220
2011-12-21,1671,17350,1765,1680,1760,1123330
2011-12-22,1637,17000,1760,1615,1755,628290
2011-12-23,1685,17500,1895,1670,1680,1627070
2011-12-26,1926,20000,2000,1695,1795,1938630
2011-12-27,1926,20000,2100,1900,1950,977690
2011-12-28,-1252,19150,2045,1810,2000,871230
2011-12-29,-1174,17950,1915,1765,1915,545990
2012-01-02,-1344,20550,2060,1795,1795,1451230
2012-01-03,-1347,20600,2070,1890,2005,1082770
2012-01-04,-1377,21050,2270,1970,2060,863960
2012-01-05,-1321,20200,2160,2000,2160,497960
2012-01-06,-1255,19200,2050,1895,2005,694420
2012-01-09,-1246,19050,2085,1890,1980,699020
2012-01-10,-1223,18700,1970,1870,1960,461920
2012-01-11,-1040,15900,1720,1590,1720,1264920
2012-01-12,-968,14800,1550,1450,1475,793080
2012-01-13,-1010,15450,1600,1460,1490,499710
2012-01-16,-1030,15750,1625,1500,1530,364640
2012-01-17,-1184,18100,1810,1550,1575,1871230
2012-01-18,-1072,16400,1810,1635,1810,910970
2012-01-19,-1027,15700,1710,1570,1640,415410
2012-01-20,-1030,15750,1640,1550,1550,242200
2012-01-25,-1020,15600,1625,1555,1575,159000
2012-01-26,-1010,15450,1575,1500,1560,211500
2012-01-27,-1023,15650,1650,1480,1520,473720
2012-01-30,-984,15050,1590,1505,1570,226000
2012-01-31,-1030,15750,1600,1530,1595,182020
2012-02-01,-1046,16000,1600,1540,1580,188400
2012-02-02,-1027,15700,1670,1550,1670,233600
2012-02-03,-1020,15600,1605,1480,1575,91300
2012-02-06,-984,15050,1575,1505,1570,200810
2012-02-07,-991,15150,1540,1460,1520,298000
2012-02-08,-994,15200,1520,1470,1480,201200
2012-02-09,-971,14850,1520,1470,1505,159670
2012-02-10,-1020,15600,1600,1465,1500,473950
2012-02-13,-1013,15500,1590,1520,1560,208530
2012-02-14,-1013,15500,1575,1525,1540,156700
2012-02-15,-984,15050,1560,1480,1545,382100
2012-02-16,-961,14700,1545,1470,1495,220750
2012-02-17,-938,14350,1495,1420,1470,281000
2012-02-20,-883,13500,1445,1305,1420,420900
2012-02-21,-961,14700,1490,1355,1360,481710
2012-02-22,-925,14150,1490,1405,1470,195500
2012-02-23,-883,13500,1415,1335,1415,207600
2012-02-24,-860,13150,1360,1295,1350,356540
2012-02-27,-843,12900,1325,1280,1325,158600
2012-02-28,-863,13200,1400,1255,1305,420300
2012-02-29,-876,13400,1345,1300,1300,204320
2012-03-02,-883,13500,1385,1320,1340,183140
2012-03-05,-876,13400,1375,1320,1335,136790
2012-03-06,-817,12500,1320,1235,1320,296000
2012-03-07,-938,14350,1435,1410,1430,368470
2012-03-08,-1079,16500,1650,1650,1650,81100
2012-03-09,-1239,18950,1895,1835,1895,2232740
2012-03-12,-1072,16400,1935,1615,1815,3469410
2012-03-13,-1125,17200,1885,1595,1640,5013380
2012-03-14,-1112,17000,1810,1660,1780,1091700
2012-03-15,-1131,17300,1775,1590,1715,1138620
2012-03-16,-1112,17000,1820,1700,1795,742980
2012-03-19,-1098,16800,1730,1650,1730,419390
2012-03-20,-1262,19300,1930,1750,1750,4021040
2012-03-21,-1265,19350,2025,1820,1890,2187200
2012-03-22,-1210,18500,1935,1835,1935,718150
2012-03-23,-1151,17600,1855,1750,1850,698500
2012-03-26,-1161,17750,1845,1730,1760,524910
2012-03-27,-1118,17100,1820,1670,1795,583930
2012-03-28,-1089,16650,1740,1650,1685,376490
2012-03-29,-1053,16100,1680,1560,1665,468150
2012-03-30,-1079,16500,1695,1560,1585,428910
2012-04-02,-1063,16250,1650,1600,1650,198500
2012-04-03,-1072,16400,1685,1620,1620,247510
2012-04-04,-1017,15550,1640,1555,1640,201250
2012-04-05,-1023,15650,1600,1505,1585,226690
2012-04-06,-1043,15950,1600,1540,1550,151130
2012-04-09,-1063,16250,1640,1520,1610,270600
2012-04-10,-1046,16000,1645,1570,1645,176380
2012-04-12,-1017,15550,1640,1515,1600,153300
2012-04-13,-1023,15650,1610,1540,1610,131100
2012-04-16,-1092,16700,1795,1580,1580,726300
2012-04-17,-1095,16750,1725,1650,1690,195100
2012-04-18,-1125,17200,1740,1665,1680,212030
2012-04-19,-1098,16800,1745,1670,1745,162840
2012-04-20,-1079,16500,1680,1600,1680,198400
2012-04-23,-1059,16200,1665,1600,1665,150310
2012-04-24,-1033,15800,1660,1570,1660,135300
2012-04-25,-1030,15750,1610,1560,1590,90400
2012-04-26,-1000,15300,1630,1520,1600,127100
2012-04-27,-1013,15500,1580,1520,1520,84100
2012-04-30,-984,15050,1570,1500,1535,173670
2012-05-02,-1004,15350,1550,1470,1505,138000
2012-05-03,-1010,15450,1575,1530,1575,66700
2012-05-04,-1033,15800,1590,1545,1550,125100
2012-05-07,-1033,15800,1595,1545,1545,81180
2012-05-08,-1030,15750,1600,1545,1600,62000
2012-05-09,-1023,15650,1585,1530,1550,104700
2012-05-10,-1027,15700,1585,1540,1545,34010
2012-05-11,-1000,15300,1585,1530,1555,126510
2012-05-14,-968,14800,1535,1415,1535,198110
2012-05-15,-948,14500,1455,1390,1405,112280
2012-05-16,-925,14150,1450,1390,1445,41310
2012-05-17,-909,13900,1405,1365,1390,105630
2012-05-18,-866,13250,1380,1300,1375,154990
2012-05-21,-843,12900,1325,1130,1325,122600
2012-05-22,-866,13250,1345,1275,1310,154300
2012-05-23,-827,12650,1325,1240,1325,86740
2012-05-24,-837,12800,1325,1255,1255,44400
2012-05-25,-870,13300,1330,1280,1330,90400
2012-05-29,-892,13650,1400,1305,1330,87830
2012-05-30,-915,14000,1440,1350,1370,84700
2012-05-31,-896,13700,1385,1345,1345,47900
2012-06-01,-906,13850,1395,1335,1380,49500
2012-06-04,-850,13000,1350,1300,1350,110610
2012-06-05,-909,13900,1390,1295,1295,63610
2012-06-07,-912,13950,1430,1380,1390,107000
2012-06-08,-948,14500,1540,1385,1395,270020
2012-06-11,-974,14900,1540,1455,1455,166800
2012-06-12,-981,15000,1515,1460,1515,66600
2012-06-13,-948,14500,1530,1435,1500,76540
2012-06-14,-938,14350,1495,1415,1495,84000
2012-06-15,-896,13700,1450,1360,1420,228410
2012-06-18,-928,14200,1430,1370,1405,145400
2012-06-19,-925,14150,1445,1385,1385,68700
2012-06-20,-915,14000,1445,1390,1420,118510
2012-06-21,-935,14300,1430,1370,1420,140200
2012-06-22,-935,14300,1430,1380,1420,34160
2012-06-25,-928,14200,1485,1405,1445,51700
2012-06-26,-915,14000,1415,1370,1395,72600
2012-06-27,-896,13700,1410,1370,1370,40910
2012-06-28,-902,13800,1390,1340,1360,96090
2012-06-29,-889,13600,1380,1350,1375,41890
2012-07-02,-883,13500,1400,1340,1380,139190
2012-07-03,-892,13650,1370,1335,1335,44620
2012-07-04,-896,13700,1380,1350,1365,98650
2012-07-05,-1030,15750,1575,1380,1400,436910
2012-07-06,-1030,15750,1745,1530,1600,1347340
2012-07-09,-974,14900,1575,1475,1550,271260
2012-07-10,-935,14300,1525,1410,1525,404150
2012-07-11,-991,15150,1545,1390,1390,465890
2012-07-12,-958,14650,1560,1460,1500,120000
2012-07-13,-981,15000,1500,1400,1440,156000
2012-07-16,-951,14550,1530,1455,1530,90500
2012-07-17,-981,15000,1540,1460,1460,151930
2012-07-18,-938,14350,1500,1435,1500,125020
2012-07-19,-964,14750,1475,1430,1440,172700
2012-07-20,-958,14650,1490,1445,1455,160630
2012-07-23,-906,13850,1480,1385,1460,129610
2012-07-24,-919,14050,1435,1350,1405,149200
2012-07-25,-889,13600,1395,1360,1385,87160
2012-07-26,-915,14000,1405,1360,1380,32550
2012-07-27,-938,14350,1450,1405,1450,40100
2012-07-30,-922,14100,1450,1410,1430,27300
2012-07-31,-915,14000,1435,1380,1410,67400
2012-08-01,-915,14000,1435,1385,1435,52200
2012-08-02,-941,14400,1465,1405,1420,93320
2012-08-03,-935,14300,1460,1420,1420,29900
2012-08-06,-938,14350,1475,1425,1475,57900
2012-08-07,-938,14350,1465,1430,1465,78900
2012-08-08,-932,14250,1470,1420,1460,85920
2012-08-09,-938,14350,1455,1405,1455,55900
2012-08-10,-919,14050,1450,1405,1450,114300
2012-08-13,-915,14000,1425,1400,1410,46530
2012-08-14,-919,14050,1415,1385,1415,44500
2012-08-16,-915,14000,1435,1395,1405,51440
2012-08-17,-919,14050,1430,1395,1400,103000
2012-08-20,-915,14000,1415,1390,1405,83700
2012-08-21,-912,13950,1415,1395,1395,49600
2012-08-22,-912,13950,1415,1385,1400,52700
2012-08-23,-906,13850,1400,1375,1385,92800
2012-08-24,-909,13900,1390,1370,1385,68350
2012-08-27,-899,13750,1390,1365,1390,101990
2012-08-28,-902,13800,1395,1370,1380,36500
2012-08-29,-892,13650,1380,1360,1360,137550
2012-08-30,-889,13600,1380,1355,1375,67010
2012-08-31,-883,13500,1375,1340,1355,95700
2012-09-03,-915,14000,1445,1360,1360,228480
2012-09-04,-915,14000,1420,1370,1420,77500
2012-09-05,-912,13950,1420,1390,1420,62420
2012-09-06,-948,14500,1460,1390,1395,260740
2012-09-07,-951,14550,1460,1430,1460,104120
2012-09-10,-935,14300,1455,1430,1455,79920
2012-09-11,-984,15050,1590,1425,1425,544780
2012-09-12,-971,14850,1540,1485,1540,123610
2012-09-13,-1000,15300,1550,1500,1500,152600
2012-09-14,-1010,15450,1555,1515,1530,132700
2012-09-17,-1007,15400,1560,1510,1560,111400
2012-09-18,-1007,15400,1550,1525,1530,66700
2012-09-19,-1066,16300,1700,1540,1555,547300
2012-09-20,-1072,16400,1680,1610,1680,195400
2012-09-21,-1072,16400,1650,1600,1650,207400
2012-09-24,-1059,16200,1680,1620,1680,131540
2012-09-25,-1027,15700,1620,1560,1620,222900
2012-09-26,-1004,15350,1570,1520,1570,134010
2012-09-27,-981,15000,1540,1475,1540,124100
2012-09-28,-1020,15600,1575,1490,1520,128100
2012-10-02,-1125,17200,1790,1560,1560,1260620
2012-10-04,-1092,16700,1720,1650,1720,367840
2012-10-05,-1128,17250,1790,1655,1670,446790
2012-10-08,-1125,17200,1770,1695,1725,175620
2012-10-09,-1112,17000,1715,1675,1700,106100
2012-10-10,-1079,16500,1715,1650,1700,120300
2012-10-11,-1089,16650,1695,1630,1630,82540
2012-10-12,-1105,16900,1710,1650,1665,109810
2012-10-15,-1076,16450,1710,1595,1665,303840
2012-10-16,-1112,17000,1790,1640,1645,334800
2012-10-17,-1108,16950,1740,1685,1730,142100
2012-10-18,-1118,17100,1750,1700,1700,165870
2012-10-19,-1108,16950,1750,1670,1725,187830
2012-10-22,-1098,16800,1710,1650,1670,114530
2012-10-23,-1115,17050,1775,1685,1690,274270
2012-10-24,-1125,17200,1735,1680,1690,151580
2012-10-25,-1112,17000,1745,1700,1730,278900
2012-10-26,-1092,16700,1735,1660,1705,143350
2012-10-29,-1046,16000,1710,1600,1665,150960
2012-10-30,-1056,16150,1655,1610,1610,153210
2012-10-31,-1059,16200,1635,1610,1615,101500
2012-11-01,-1036,15850,1635,1570,1620,187330
2012-11-02,-1095,16750,1700,1595,1615,211250
2012-11-05,-1102,16850,1685,1665,1675,111910
2012-11-06,-1118,17100,1720,1665,1690,167230
2012-11-07,-1112,17000,1725,1665,1725,109420
2012-11-08,-1105,16900,1700,1645,1680,96920
2012-11-09,-1098,16800,1690,1655,1675,85400
2012-11-12,-1092,16700,1685,1650,1680,109100
2012-11-13,-1063,16250,1680,1615,1680,125840
2012-11-14,-1046,16000,1640,1595,1635,169000
2012-11-15,-1059,16200,1630,1555,1600,134100
2012-11-16,-1036,15850,1625,1565,1625,147200
2012-11-19,-1056,16150,1635,1590,1610,102730
2012-11-20,-1066,16300,1665,1625,1625,113500
2012-11-21,-1040,15900,1650,1585,1640,126640
2012-11-22,-1040,15900,1630,1580,1615,111500
2012-11-23,-1072,16400,1640,1570,1605,112750
2012-11-26,-1046,16000,1650,1600,1640,110700
2012-11-27,-1043,15950,1615,1580,1590,89380
2012-11-28,-1036,15850,1600,1550,1595,70500
2012-11-29,-1056,16150,1625,1590,1610,173000
2012-11-30,-1056,16150,1625,1600,1625,66800
2012-12-03,-1056,16150,1620,1595,1610,54900
2012-12-04,-1059,16200,1625,1600,1625,87200
2012-12-05,-1105,16900,1745,1610,1620,384500
2012-12-06,-1085,16600,1730,1650,1690,214400
2012-12-07,-1098,16800,1720,1650,1650,334400
2012-12-10,-1115,17050,1745,1695,1725,301160
2012-12-11,-1115,17050,1745,1690,1690,116000
2012-12-12,-1108,16950,1740,1690,1725,99300
2012-12-13,-1095,16750,1720,1670,1720,187400
2012-12-14,-1112,17000,1705,1665,1690,109710
2012-12-17,-1108,16950,1705,1685,1705,50000
2012-12-18,-1102,16850,1715,1655,1715,206240
2012-12-20,-1098,16800,1695,1670,1685,73800
2012-12-21,-1108,16950,1720,1660,1700,261780
2012-12-24,-1151,17600,1790,1700,1710,410460
2012-12-26,-1167,17850,1820,1750,1760,755010
2012-12-27,-1604,15900,1680,1560,1655,861460
2012-12-28,-1539,15250,1585,1510,1585,337600
2013-01-02,-1468,14550,1530,1445,1525,487210
2013-01-03,-1473,14600,1505,1440,1470,242400
2013-01-04,-1438,14250,1475,1400,1455,279420
2013-01-07,-1438,14250,1445,1410,1435,80000
2013-01-08,-1453,14400,1445,1415,1435,85360
2013-01-09,-1463,14500,1455,1435,1440,61520
2013-01-10,-1458,14450,1455,1435,1450,96000
2013-01-11,-1463,14500,1475,1440,1450,84370
2013-01-14,-1407,13950,1460,1390,1455,194010
2013-01-15,-1397,13850,1395,1340,1395,196800
2013-01-16,-1392,13800,1400,1365,1385,66130
2013-01-17,-1367,13550,1395,1345,1375,94900
2013-01-18,-1367,13550,1370,1345,1355,64300
2013-01-21,-1362,13500,1365,1335,1365,100210
2013-01-22,-1342,13300,1350,1320,1340,127000
2013-01-23,-1362,13500,1350,1320,1330,94720
2013-01-24,-1362,13500,1370,1340,1350,110100
2013-01-25,-1362,13500,1360,1330,1350,78300
2013-01-28,-1352,13400,1355,1325,1355,64300
2013-01-29,-1357,13450,1350,1320,1330,88900
2013-01-30,-1352,13400,1345,1330,1330,29200
2013-01-31,-1342,13300,1340,1315,1340,85130
2013-02-01,-1347,13350,1345,1320,1320,45980
2013-02-04,-1311,13000,1335,1300,1335,91230
2013-02-05,-1281,12700,1300,1250,1285,103760
2013-02-06,-1311,13000,1300,1260,1260,44700
2013-02-07,-1332,13200,1325,1300,1300,38570
2013-02-08,-1327,13150,1320,1300,1315,21900
2013-02-12,-1322,13100,1315,1300,1315,33800
2013-02-13,-1317,13050,1320,1270,1310,50400
2013-02-14,-1322,13100,1320,1290,1300,55300
2013-02-15,-1306,12950,1320,1285,1320,64520
2013-02-18,-1322,13100,1310,1295,1295,80200
2013-02-19,-1362,13500,1360,1305,1310,116300
2013-02-20,-1392,13800,1395,1355,1365,193700
2013-02-21,-1387,13750,1400,1365,1390,80700
2013-02-22,-1387,13750,1380,1360,1380,65900
2013-02-25,-1412,14000,1400,1350,1355,89100
2013-02-26,-1417,14050,1410,1380,1400,37620
2013-02-27,-1412,14000,1415,1390,1405,43510
2013-02-28,-1423,14100,1410,1390,1400,24210
2013-03-04,-1377,13650,1410,1325,1410,289300
2013-03-05,-1423,14100,1410,1350,1350,99900
2013-03-06,-1423,14100,1425,1365,1425,82980
2013-03-07,-1438,14250,1430,1385,1390,94500
2013-03-08,-1438,14250,1440,1405,1425,101320
2013-03-11,-1417,14050,1425,1390,1425,83110
2013-03-12,-1417,14050,1420,1380,1420,96000
2013-03-13,-1392,13800,1415,1380,1395,158440
2013-03-14,-1377,13650,1400,1350,1380,119730
2013-03-15,-1417,14050,1500,1365,1370,288830
2013-03-18,-1523,15100,1545,1395,1410,745500
2013-03-19,-1534,15200,1535,1490,1510,272050
2013-03-20,-1503,14900,1530,1475,1530,152300
2013-03-21,-1513,15000,1510,1470,1490,80740
2013-03-22,-1523,15100,1510,1480,1505,112600
2013-03-25,-1589,15750,1600,1500,1510,418510
2013-03-26,-1629,16150,1615,1560,1585,246720
2013-03-27,-1665,16500,1675,1620,1620,249300
2013-03-28,-1645,16300,1660,1610,1660,158580
2013-03-29,-1670,16550,1670,1640,1640,143360
2013-04-01,-1655,16400,1680,1630,1655,101140
2013-04-02,-1619,16050,1665,1605,1665,98930
2013-04-03,-1624,16100,1620,1580,1615,108100
2013-04-04,-1559,15450,1610,1500,1600,124270
2013-04-05,-1534,15200,1590,1500,1560,132200
2013-04-08,-1513,15000,1540,1485,1540,44000
2013-04-09,-1508,14950,1520,1440,1490,72700
2013-04-10,-1508,14950,1495,1480,1480,14900
2013-04-11,-1584,15700,1570,1490,1540,101990
2013-04-12,-1594,15800,1590,1550,1590,87700
2013-04-15,-1665,16500,1670,1555,1555,132810
2013-04-16,-1639,16250,1640,1600,1600,126000
2013-04-17,-1624,16100,1650,1590,1650,79200
2013-04-18,-1634,16200,1635,1590,1610,65600
2013-04-19,-1629,16150,1615,1590,1600,42100
2013-04-22,-1609,15950,1635,1575,1605,97400
2013-04-23,-1579,15650,1600,1530,1590,167980
2013-04-24,-1574,15600,1575,1540,1570,63100
2013-04-25,-1559,15450,1595,1530,1595,78560
2013-04-26,-1609,15950,1615,1535,1545,147200
2013-04-29,-1639,16250,1645,1600,1625,217600
2013-04-30,-1675,16600,1720,1620,1625,329430
2013-05-02,-1705,16900,1690,1650,1660,142500
2013-05-03,-1715,17000,1715,1655,1665,159600
2013-05-06,-1715,17000,1720,1675,1720,61900
2013-05-07,-1715,17000,1705,1670,1700,84300
2013-05-08,-1685,16700,1730,1670,1700,177800
2013-05-09,-1685,16700,1690,1645,1670,81220
2013-05-10,-1725,17100,1710,1650,1700,221880
2013-05-13,-1786,17700,1790,1700,1700,567430
2013-05-14,-1776,17600,1780,1725,1770,175110
2013-05-15,-1786,17700,1780,1725,1760,139550
2013-05-16,-1786,17700,1775,1740,1760,172100
2013-05-20,-1796,17800,1830,1750,1770,427710
2013-05-21,-1735,17200,1780,1690,1775,269400
2013-05-22,-1745,17300,1740,1705,1705,68170
2013-05-23,-1665,16500,1735,1645,1720,213700
2013-05-24,-1685,16700,1675,1650,1650,101700
2013-05-27,-1700,16850,1705,1630,1650,165900
2013-05-28,-1720,17050,1710,1650,1680,126460
2013-05-29,-1725,17100,1760,1695,1710,246000
2013-05-30,-1685,16700,1750,1645,1750,130100
2013-05-31,-1634,16200,1685,1600,1685,278150
2013-06-03,-1645,16300,1645,1615,1620,161410
2013-06-04,-1665,16500,1660,1620,1640,156700
2013-06-05,-1645,16300,1660,1630,1650,57500
2013-06-07,-1665,16500,1655,1585,1630,158260
2013-06-10,-1670,16550,1655,1620,1645,98000
2013-06-11,-1690,16750,1735,1635,1650,236700
2013-06-12,-1685,16700,1685,1635,1680,119300
2013-06-13,-1776,17600,1770,1660,1670,383240
2013-06-14,-1745,17300,1750,1720,1730,267160
2013-06-17,-1725,17100,1745,1700,1730,105220
2013-06-18,-1740,17250,1740,1680,1720,225090
2013-06-19,-1761,17450,1800,1710,1710,235600
2013-06-20,-1715,17000,1745,1685,1720,149400
2013-06-21,-1695,16800,1695,1655,1660,118400
2013-06-24,-1670,16550,1690,1650,1690,114110
2013-06-25,-1619,16050,1655,1560,1635,381810
2013-06-26,-1624,16100,1620,1590,1590,71610
2013-06-27,-1670,16550,1685,1640,1650,35300
2013-06-28,-1720,17050,1730,1655,1655,107110
2013-07-01,-1730,17150,1720,1680,1705,33400
2013-07-02,-1690,16750,1710,1635,1695,166600
2013-07-03,-1589,15750,1685,1575,1675,126610
2013-07-04,-1629,16150,1640,1550,1575,131110
2013-07-05,-1624,16100,1625,1580,1615,109000
2013-07-08,-1614,16000,1620,1575,1610,139500
2013-07-09,-1589,15750,1630,1570,1620,142190
2013-07-10,-1604,15900,1590,1550,1575,157900
2013-07-11,-1594,15800,1600,1560,1600,156900
2013-07-12,-1629,16150,1625,1580,1580,87310
2013-07-15,-1619,16050,1645,1600,1615,91800
2013-07-16,-1619,16050,1630,1590,1610,78800
2013-07-17,-1614,16000,1615,1590,1600,113900
2013-07-18,-1594,15800,1605,1570,1590,62700
2013-07-19,-1584,15700,1590,1555,1570,97100
2013-07-22,-1574,15600,1570,1545,1545,88700
2013-07-23,-1695,16800,1700,1510,1560,484810
2013-07-24,-1639,16250,1670,1600,1670,185700
2013-07-25,-1579,15650,1620,1560,1610,194300
2013-07-26,-1594,15800,1620,1555,1555,146280
2013-07-29,-1579,15650,1580,1550,1565,81400
2013-07-30,-1564,15500,1580,1540,1560,123130
2013-07-31,-1574,15600,1570,1535,1555,117000
2013-08-01,-1574,15600,1575,1550,1555,174900
2013-08-02,-1544,15300,1560,1530,1550,136010
2013-08-05,-1518,15050,1540,1490,1530,109800
2013-08-06,-1528,15150,1530,1490,1500,47100
2013-08-07,-1513,15000,1525,1480,1525,103720
2013-08-08,-1528,15150,1525,1485,1500,24300
2013-08-09,-1594,15800,1590,1490,1495,150500
2013-08-12,-1715,17000,1725,1580,1580,726110
2013-08-13,-1735,17200,1745,1690,1720,247980
2013-08-14,-1690,16750,1730,1630,1725,304320
2013-08-16,-1695,16800,1705,1650,1675,178500
2013-08-19,-1685,16700,1690,1645,1645,203010
2013-08-20,-1655,16400,1670,1610,1645,142300
2013-08-21,-1650,16350,1680,1600,1680,71000
2013-08-22,-1680,16650,1700,1625,1635,475340
2013-08-23,-1811,17950,1810,1695,1700,1049920
2013-08-26,-1826,18100,1870,1780,1785,354500
2013-08-27,-1826,18100,1820,1735,1810,448100
2013-08-28,-1806,17900,1810,1760,1765,170610
2013-08-29,-1781,17650,1800,1760,1765,184700
2013-08-30,-1791,17750,1870,1770,1785,872800
2013-09-02,-1725,17100,1800,1700,1800,324960
2013-09-03,-1776,17600,1760,1700,1735,439410
2013-09-04,-1715,17000,1740,1685,1740,291050
2013-09-05,-1735,17200,1725,1675,1705,110060
2013-09-06,-1745,17300,1735,1700,1720,49920
2013-09-09,-1705,16900,1730,1675,1730,89440
2013-09-10,-1745,17300,1740,1670,1670,95710
2013-09-11,-1725,17100,1740,1700,1730,46100
2013-09-12,-1725,17100,1715,1680,1715,124000
2013-09-13,-1751,17350,1750,1710,1710,112500
2013-09-16,-1761,17450,1755,1700,1700,79410
2013-09-17,-1751,17350,1740,1710,1725,81600
2013-09-23,-1836,18200,1825,1715,1735,344530
2013-09-24,-1922,19050,1930,1830,1830,657960
2013-09-25,-1937,19200,1920,1855,1915,195560
2013-09-26,-1937,19200,1925,1885,1925,92300
2013-09-27,-2008,19900,1990,1900,1920,208040
2013-09-30,-2008,19900,2040,1975,2000,237300
2013-10-01,-1973,19550,2035,1930,1975,339800
2013-10-02,-2084,20650,2065,1965,1970,203940
2013-10-04,-2094,20750,2095,2030,2065,92210
2013-10-07,-2043,20250,2080,2025,2080,119900
2013-10-08,-2038,20200,2040,1980,2025,193710
2013-10-10,-1978,19600,2020,1960,2020,171500
2013-10-11,-2008,19900,2010,1900,1950,385200
2013-10-14,-1978,19600,1990,1940,1990,139400
2013-10-15,-1907,18900,1950,1890,1940,199420
2013-10-16,-1907,18900,1925,1860,1875,175220
2013-10-17,-1932,19150,1925,1860,1925,151300
2013-10-18,-1947,19300,1930,1895,1895,82900
2013-10-21,-1917,19000,1945,1880,1930,128930
2013-10-22,-1907,18900,1940,1880,1890,63800
2013-10-23,-1846,18300,1890,1830,1890,126040
2013-10-24,-1862,18450,1850,1805,1830,70100
2013-10-25,-1912,18950,1915,1800,1845,123000
2013-10-28,-1973,19550,1970,1870,1895,164420
2013-10-29,-2003,19850,1990,1960,1975,161000
2013-10-30,-2018,20000,2000,1930,1985,105000
2013-10-31,-2018,20000,2010,1970,1980,49210
2013-11-01,-2018,20000,2005,1960,2000,137200
2013-11-04,-1998,19800,2020,1980,2020,19310
2013-11-05,-1998,19800,2005,1955,1980,113500
2013-11-06,-2008,19900,1990,1950,1980,31510
2013-11-07,-1973,19550,1990,1955,1975,90010
2013-11-08,-1998,19800,1995,1940,1955,71600
2013-11-11,-1942,19250,2005,1920,2005,100600
2013-11-12,-1967,19500,1970,1880,1900,130250
2013-11-13,-1967,19500,1985,1945,1965,60110
2013-11-14,-1978,19600,1995,1955,1955,74000
2013-11-15,-2028,20100,2030,1950,1950,115560
2013-11-18,-2018,20000,2025,1985,1985,108900
2013-11-19,-2033,20150,2030,1980,2000,52410
2013-11-20,-2028,20100,2045,2000,2000,35900
2013-11-21,-2063,20450,2075,2010,2010,202820
2013-11-22,-2033,20150,2050,1980,2050,91010
2013-11-25,-2003,19850,2020,1980,1990,79910
2013-11-26,-2003,19850,1990,1960,1975,23700
2013-11-27,-2013,19950,2005,1985,1990,29700
2013-11-28,-2013,19950,2005,1980,2005,51500
2013-11-29,-2043,20250,2025,1975,2000,19200
2013-12-02,-1993,19750,2025,1955,2025,104130
2013-12-03,-2028,20100,2010,1920,1975,107500
2013-12-04,-2013,19950,2020,1980,2010,15800
2013-12-05,-2013,19950,2005,1955,1995,28100
2013-12-06,-1983,19650,1990,1955,1990,60500
2013-12-09,-1983,19650,1970,1945,1965,12900
2013-12-10,-1952,19350,1975,1930,1975,50810
2013-12-11,-2003,19850,2030,1920,1985,61500
2013-12-12,-1998,19800,2010,1965,2010,32100
2013-12-13,-1952,19350,1995,1930,1995,81220
2013-12-16,-2003,19850,1990,1925,1960,82910
2013-12-17,-1983,19650,1990,1960,1985,17100
2013-12-18,-1942,19250,1970,1915,1970,82910
2013-12-19,-1892,18750,1930,1875,1930,92200
2013-12-20,-1892,18750,1915,1825,1915,99910
2013-12-23,-1887,18700,1910,1820,1875,228490
2013-12-24,-1907,18900,1920,1850,1850,43800
2013-12-26,-1922,19050,1935,1860,1890,50210
2013-12-27,1824,18700,1925,1840,1925,63900
2013-12-30,1785,18300,1870,1830,1870,26000
2014-01-02,1741,17850,1830,1780,1830,50400
2014-01-03,1736,17800,1815,1735,1785,73620
2014-01-06,1697,17400,1785,1730,1780,44900
2014-01-07,1711,17550,1770,1730,1765,21000
2014-01-08,1736,17800,1800,1730,1735,42200
2014-01-09,1736,17800,1790,1755,1790,14100
2014-01-10,1707,17500,1825,1690,1825,128410
2014-01-13,1667,17100,1750,1695,1750,52310
2014-01-14,1667,17100,1745,1690,1730,32520
2014-01-15,1663,17050,1730,1700,1710,47100
2014-01-16,1697,17400,1740,1690,1705,76610
2014-01-17,1707,17500,1750,1710,1710,78900
2014-01-20,1672,17150,1755,1700,1715,95800
2014-01-21,1648,16900,1715,1690,1700,94300
2014-01-22,1619,16600,1705,1660,1705,50300
2014-01-23,1570,16100,1670,1600,1670,144660
2014-01-24,1560,16000,1630,1590,1590,33400
2014-01-27,1555,15950,1620,1575,1575,103000
2014-01-28,1560,16000,1600,1550,1585,42510
2014-01-29,1550,15900,1600,1570,1600,11420
2014-02-03,1507,15450,1610,1500,1590,147210
2014-02-04,1502,15400,1540,1515,1520,10800
2014-02-05,1507,15450,1605,1535,1605,17900
2014-02-06,1492,15300,1565,1530,1565,38440
2014-02-07,1487,15250,1570,1500,1530,26010
2014-02-10,1521,15600,1575,1525,1575,8160
2014-02-11,1511,15500,1575,1510,1575,30900
2014-02-12,1472,15100,1565,1510,1550,141420
2014-02-13,1472,15100,1520,1480,1480,37300
2014-02-14,1482,15200,1530,1510,1530,10200
2014-02-17,1487,15250,1530,1505,1520,37100
2014-02-18,1492,15300,1530,1510,1530,53800
2014-02-19,1487,15250,1530,1510,1515,21400
2014-02-20,1492,15300,1540,1500,1520,30300
2014-02-21,1492,15300,1530,1510,1530,20600
2014-02-24,1521,15600,1565,1530,1530,48100
2014-02-25,1746,17900,1790,1560,1560,537930
2014-02-26,1799,18450,1940,1815,1860,450530
2014-02-27,1755,18000,1835,1715,1835,158920
2014-02-28,1711,17550,1830,1725,1830,50600
2014-03-03,1697,17400,1750,1675,1735,64320
2014-03-04,1663,17050,1760,1680,1685,89490
2014-03-05,1697,17400,1765,1695,1730,64000
2014-03-06,1755,18000,1800,1735,1745,98940
2014-03-07,1741,17850,1850,1785,1850,63280
2014-03-10,1760,18050,1810,1760,1780,43300
2014-03-11,1755,18000,1805,1765,1805,33800
2014-03-12,1809,18550,1955,1795,1800,399190
2014-03-13,1828,18750,1880,1805,1850,123300
2014-03-14,1872,19200,1940,1860,1875,164310
2014-03-17,1872,19200,1970,1890,1920,159760
2014-03-18,1858,19050,1930,1875,1910,122200
2014-03-19,1867,19150,1915,1855,1900,94950
2014-03-20,1872,19200,2000,1860,1970,264200
2014-03-21,1872,19200,1950,1915,1920,157800
2014-03-24,1799,18450,1930,1845,1890,115040
2014-03-25,1750,17950,1825,1775,1825,111010
2014-03-26,1799,18450,1850,1800,1805,54850
2014-03-27,1780,18250,1870,1820,1845,28300
2014-03-28,1863,19100,1915,1800,1800,228740
2014-03-31,1877,19250,1935,1895,1915,97310
2014-04-01,2150,22050,2210,1930,1935,796500
2014-04-02,2180,22350,2440,2125,2210,733850
2014-04-03,2302,23600,2380,2180,2190,377860
2014-04-04,2311,23700,2385,2300,2360,171800
2014-04-07,2316,23750,2445,2310,2370,90500
2014-04-08,2297,23550,2440,2255,2440,356850
2014-04-09,2223,22800,2355,2250,2300,284240
2014-04-10,2287,23450,2345,2125,2320,464190
2014-04-11,2292,23500,2350,2280,2340,66950
2014-04-14,2550,26150,2640,2300,2300,408520
2014-04-15,2921,29950,3005,2585,2585,832990
2014-04-16,2818,28900,2990,2870,2985,387410
2014-04-17,2848,29200,2950,2805,2890,165650
2014-04-18,3111,31900,3290,2835,2945,619480
2014-04-21,3053,31300,3360,3055,3185,221330
2014-04-22,3028,31050,3220,3065,3110,184010
2014-04-23,2916,29900,3180,2990,3100,230030
2014-04-24,2906,29800,3090,2900,3000,226800
2014-04-25,2955,30300,3095,2900,2955,248220
2014-04-28,3033,31100,3160,3015,3015,77040
2014-04-29,2955,30300,3170,2990,3170,125320
2014-04-30,3004,30800,3290,3025,3030,414410
2014-05-02,3096,31750,3190,2975,3080,208800
2014-05-07,3209,32900,3300,3165,3175,173800
2014-05-08,3199,32800,3350,3230,3300,90810
2014-05-09,3111,31900,3275,3165,3210,117920
2014-05-12,2936,30100,3190,2960,3190,402260
2014-05-13,2887,29600,3075,2920,3035,259270
2014-05-14,2916,29900,3005,2910,2950,218900
2014-05-15,3043,31200,3145,2955,2995,119520
2014-05-16,2975,30500,3135,3030,3100,110200
2014-05-19,2906,29800,3050,2930,3010,127400
2014-05-20,2682,27500,3030,2720,3000,346890
2014-05-21,2667,27350,2755,2550,2715,710210
2014-05-22,2760,28300,2930,2705,2735,270250
2014-05-23,2736,28050,2960,2680,2795,189380
2014-05-26,2721,27900,2875,2705,2875,155920
2014-05-27,2692,27600,2825,2690,2825,188510
2014-05-28,2809,28800,2885,2715,2760,127210
2014-05-29,2784,28550,2880,2790,2850,97300
2014-05-30,2770,28400,2845,2750,2845,109120
2014-06-02,2701,27700,2855,2655,2785,243590
2014-06-03,2667,27350,2820,2675,2770,81270
2014-06-05,2672,27400,2820,2650,2735,93220
2014-06-09,2667,27350,2790,2700,2740,29450
2014-06-10,2677,27450,2780,2670,2710,47350
2014-06-11,2653,27200,2755,2680,2705,29900
2014-06-12,2623,26900,2735,2675,2700,63490
2014-06-13,2711,27800,2790,2650,2670,83730
2014-06-16,2711,27800,2815,2740,2815,19190
2014-06-17,2692,27600,2800,2720,2750,26120
2014-06-18,2662,27300,2820,2720,2760,32080
2014-06-19,2662,27300,2750,2695,2700,24480
2014-06-20,2628,26950,2740,2665,2700,22000
2014-06-23,2589,26550,2800,2625,2720,86050
2014-06-24,2575,26400,2670,2610,2665,56410
2014-06-25,2565,26300,2705,2585,2705,39230
2014-06-26,2536,26000,2640,2560,2640,39120
2014-06-27,2609,26750,2675,2560,2600,44380
2014-06-30,2828,29000,2950,2625,2675,261090
2014-07-01,2828,29000,2950,2850,2890,116030
2014-07-02,2853,29250,2945,2860,2900,91550
2014-07-03,2897,29700,2990,2900,2920,181950
2014-07-04,2911,29850,3015,2945,2955,64640
2014-07-07,2926,30000,3020,2905,2925,93530
2014-07-08,2984,30600,3135,2995,3010,190420
2014-07-09,2960,30350,3095,2980,3040,77960
2014-07-10,3048,31250,3125,3065,3085,145940
2014-07-11,3067,31450,3500,2940,3125,721780
2014-07-14,3526,36150,3615,3170,3270,965380
2014-07-15,3765,38600,4000,3675,3800,1025620
2014-07-16,3765,38600,3965,3590,3810,739740
2014-07-17,3691,37850,3865,3750,3860,231610
2014-07-18,3579,36700,3885,3670,3780,271890
2014-07-21,3760,38550,3995,3625,3670,479260
2014-07-22,3813,39100,4025,3820,3855,249540
2014-07-23,3652,37450,3965,3700,3965,347590
2014-07-24,3604,36950,3795,3630,3795,185020
2014-07-25,3604,36950,3795,3640,3795,113370
2014-07-28,3584,36750,3680,3535,3645,240090
2014-07-29,3409,34950,3665,3460,3665,320790
2014-07-30,3487,35750,3580,3370,3450,310070
2014-07-31,3482,35700,3680,3485,3485,169560
2014-08-01,3477,35650,3675,3500,3570,284530
2014-08-04,3453,35400,3615,3500,3545,195970
2014-08-05,3511,36000,3665,3530,3530,242770
2014-08-06,3706,38000,3845,3585,3630,416040
2014-08-07,3706,38000,3950,3770,3840,283750
2014-08-08,3706,38000,3870,3740,3860,99280
2014-08-11,3745,38400,3910,3775,3810,144270
2014-08-12,3828,39250,3950,3735,3840,183950
2014-08-13,3862,39600,3960,3865,3900,172880
2014-08-14,3862,39600,4050,3910,4050,98840
2014-08-18,3765,38600,3970,3765,3960,351200
2014-08-19,3609,37000,3860,3590,3820,467520
2014-08-20,3643,37350,3760,3600,3700,248370
2014-08-21,3609,37000,3710,3635,3660,212350
2014-08-22,3609,37000,3710,3650,3660,123690
2014-08-25,3604,36950,3800,3650,3795,122490
2014-08-26,3643,37350,3780,3660,3660,193060
2014-08-27,3687,37800,3865,3705,3705,250880
2014-08-28,3687,37800,3820,3740,3820,156510
2014-08-29,3921,40200,4020,3780,3780,348540
2014-09-01,3930,40300,4190,4030,4045,194440
2014-09-02,4116,42200,4230,3920,4035,293230
2014-09-03,4169,42750,4330,4150,4220,144080
2014-09-04,4130,42350,4290,4190,4270,164480
2014-09-05,4413,45250,4545,4235,4235,413820
2014-09-11,4447,45600,4580,4485,4525,120310
2014-09-12,4389,45000,4615,4390,4615,211260
2014-09-15,4330,44400,4535,4340,4535,83070
2014-09-16,4584,47000,4775,4375,4430,197430
2014-09-17,4633,47500,4800,4600,4770,88150
2014-09-18,4477,45900,4750,4545,4750,277580
2014-09-19,4379,44900,4600,4480,4600,112570
2014-09-22,4282,43900,4490,4360,4490,164590
2014-09-23,4335,44450,4445,4350,4360,97290
2014-09-24,4540,46550,4700,4395,4450,206500
2014-09-25,4443,45550,4680,4550,4655,66980
2014-09-26,4369,44800,4535,4460,4535,95710
2014-09-29,4291,44000,4530,4365,4510,133620
2014-09-30,4467,45800,4580,4360,4400,175170
2014-10-01,4482,45950,4650,4500,4650,198050
2014-10-02,4672,47900,4850,4520,4520,395870
2014-10-06,4672,47900,4790,4790,4790,0
2014-10-07,4672,47900,4790,4790,4790,0
2014-10-08,4672,47900,4790,4790,4790,0
2014-10-10,4672,47900,4790,4790,4790,0
2014-10-13,4672,47900,4790,4790,4790,0
2014-10-14,4672,47900,4790,4790,4790,0
2014-10-15,4672,47900,4790,4790,4790,0
2014-10-16,4672,47900,4790,4790,4790,0
2014-10-17,4672,47900,4790,4790,4790,0
2014-10-20,4672,47900,4790,4790,4790,0
2014-10-21,4672,47900,4790,4790,4790,0
2014-10-22,4672,47900,4790,4790,4790,0
2014-10-23,4135,4240,4800,4075,4500,1153925
2014-10-24,4096,4200,4285,3920,4270,513934
2014-10-27,3882,3980,4195,3960,4195,198061
2014-10-28,3755,3850,3990,3700,3950,275648
2014-10-29,3745,3840,4035,3820,3830,214798
2014-10-30,3735,3830,3950,3710,3900,61868
2014-10-31,3677,3770,3895,3745,3830,85875
2014-11-03,3126,3205,3770,3205,3715,876790
2014-11-04,2658,2725,3230,2725,3100,1494517
2014-11-05,2697,2765,2950,2615,2780,1775774
2014-11-06,2804,2875,3065,2705,2800,1126963
2014-11-07,2975,3050,3085,2835,2835,426339
2014-11-10,2862,2935,3140,2930,3050,435286
2014-11-11,3004,3080,3150,2890,2905,370349
2014-11-12,2887,2960,3140,2940,3140,455028
2014-11-13,2926,3000,3040,2890,2950,350284
2014-11-14,2872,2945,3020,2890,3000,373361
2014-11-17,2736,2805,2960,2785,2915,215115
2014-11-18,2887,2960,3005,2780,2850,388633
2014-11-19,2784,2855,2960,2840,2960,161551
2014-11-20,2770,2840,2895,2800,2870,136644
2014-11-21,2711,2780,2850,2755,2810,164511
2014-11-24,2653,2720,2860,2670,2860,342457
2014-11-25,2721,2790,2815,2710,2750,112466
2014-11-26,2687,2755,2790,2700,2770,144085
2014-11-27,2658,2725,2755,2670,2755,116226
2014-11-28,2623,2690,2745,2605,2735,219823
2014-12-01,2589,2655,2740,2630,2635,151960
2014-12-02,2604,2670,2700,2650,2650,100208
2014-12-03,2506,2570,2720,2545,2720,286525
2014-12-04,2804,2875,2930,2565,2610,507628
2014-12-05,2828,2900,2940,2790,2905,307489
2014-12-08,2701,2770,2905,2750,2860,256419
2014-12-09,2731,2800,2840,2715,2725,123828
2014-12-10,2653,2720,2805,2700,2800,82677
2014-12-11,2658,2725,2755,2700,2720,85142
2014-12-12,2794,2865,2900,2700,2725,132276
2014-12-15,2760,2830,2880,2775,2865,142687
2014-12-16,2736,2805,2850,2765,2845,142622
2014-12-17,2701,2770,2840,2710,2840,127510
2014-12-18,2599,2665,2800,2635,2800,178961
2014-12-19,2658,2725,2750,2650,2700,89157
2014-12-22,2716,2785,2800,2695,2760,153268
2014-12-23,2784,2855,2895,2785,2810,190142
2014-12-24,2760,2830,2890,2805,2845,102797
2014-12-26,2828,2900,2900,2820,2830,161052
2014-12-29,2705,2735,2815,2695,2800,160832
2014-12-30,2640,2670,2770,2655,2770,114366
2015-01-02,2640,2670,2710,2600,2670,118954
2015-01-05,2576,2605,2700,2590,2645,123465
2015-01-06,2452,2480,2635,2480,2605,259993
2015-01-07,2581,2610,2780,2455,2455,242604
2015-01-08,2645,2675,2780,2645,2650,166336
2015-01-09,2739,2770,2790,2680,2690,125528
2015-01-12,2715,2745,2800,2665,2765,62250
2015-01-13,2655,2685,2745,2645,2745,63260
2015-01-14,2680,2710,2770,2665,2725,73331
2015-01-15,2754,2785,2815,2670,2700,116692
2015-01-16,2759,2790,2815,2740,2760,149366
2015-01-19,2744,2775,2840,2750,2810,127204
2015-01-20,2705,2735,2795,2710,2795,97230
2015-01-21,2635,2665,2735,2640,2735,167744
2015-01-22,2660,2690,2695,2620,2690,129008
2015-01-23,2670,2700,2720,2635,2720,112612
2015-01-26,2630,2660,2720,2620,2700,132292
2015-01-27,2591,2620,2670,2565,2630,143657
2015-01-28,2527,2555,2620,2520,2580,215898
2015-01-29,2616,2645,2645,2500,2595,111569
2015-01-30,2616,2645,2685,2620,2640,154422
2015-02-02,2532,2560,2660,2550,2625,222513
2015-02-03,2556,2585,2600,2550,2550,125469
2015-02-04,2561,2590,2610,2565,2600,95398
2015-02-05,2591,2620,2655,2550,2590,127539
2015-02-06,2660,2690,2740,2610,2645,380220
2015-02-09,2675,2705,2715,2635,2715,117021
2015-02-10,2660,2690,2730,2655,2705,141377
2015-02-11,2942,2975,2990,2700,2725,769047
2015-02-12,3080,3115,3160,2970,2980,523714
2015-02-13,3066,3100,3450,3030,3280,551208
2015-02-16,3051,3085,3215,3000,3170,365260
2015-02-17,3189,3225,3230,3060,3070,301373
2015-02-23,3115,3150,3300,3090,3225,241967
2015-02-24,3066,3100,3150,2995,3150,361999
2015-02-25,3066,3100,3125,3035,3085,80173
2015-02-26,3194,3230,3280,3065,3080,319177
2015-02-27,3194,3230,3280,3165,3280,1577556
2015-03-02,3422,3460,3650,3270,3340,964052
2015-03-03,3456,3495,3520,3365,3450,299327
2015-03-04,3956,4000,4000,3450,3450,1489164
2015-03-05,3758,3800,4090,3710,4090,741786
2015-03-06,3659,3700,3835,3610,3820,343916
2015-03-09,3659,3700,3715,3615,3645,162726
2015-03-10,3580,3620,3875,3550,3705,396702
2015-03-11,3560,3600,3660,3480,3620,216788
2015-03-12,3659,3700,3740,3530,3615,158080
2015-03-13,3580,3620,3735,3590,3675,215015
2015-03-16,3560,3600,3745,3600,3640,176660
2015-03-17,3496,3535,3650,3395,3590,488784
2015-03-18,3526,3565,3585,3425,3550,250883
2015-03-19,3605,3645,3645,3575,3630,229525
2015-03-20,3763,3805,3895,3645,3650,477718
2015-03-23,3580,3620,3805,3615,3805,311318
2015-03-24,3649,3690,3735,3605,3670,151429
2015-03-25,3585,3625,3740,3600,3715,165201
2015-03-26,3471,3510,3625,3460,3590,255577
2015-03-27,3530,3570,3700,3350,3550,341654
2015-03-30,3516,3555,3585,3400,3570,202395
2015-03-31,3506,3545,3670,3510,3510,235913
2015-04-01,3659,3700,3710,3510,3550,266638
2015-04-02,3699,3740,3780,3630,3710,219972
2015-04-03,3783,3825,3870,3730,3795,302966
2015-04-06,3807,3850,3870,3765,3870,184611
2015-04-07,3802,3845,3885,3760,3850,135187
2015-04-08,3753,3795,3845,3715,3845,138943
2015-04-09,3802,3845,3850,3745,3800,247525
2015-04-10,3748,3790,3855,3710,3825,305363
2015-04-13,3857,3900,3940,3720,3820,325789
2015-04-14,3778,3820,3960,3770,3950,220982
2015-04-15,3709,3750,3845,3745,3815,190772
2015-04-16,3802,3845,3845,3695,3770,282802
2015-04-17,3728,3770,3890,3755,3820,157067
2015-04-20,3753,3795,3850,3650,3695,202518
2015-04-21,3585,3625,3805,3600,3775,1373643
2015-04-22,3466,3505,3750,3395,3700,533794
2015-04-23,3367,3405,3570,3345,3540,400165
2015-04-24,3318,3355,3490,3255,3375,379437
2015-04-27,3323,3360,3440,3325,3325,142077
2015-04-28,3323,3360,3395,3320,3360,121944
2015-04-29,3343,3380,3400,3335,3350,88030
2015-04-30,3313,3350,3420,3195,3400,168567
2015-05-04,3352,3390,3595,3320,3350,240298
2015-05-06,3313,3350,3395,3155,3390,220211
2015-05-07,3263,3300,3350,3180,3300,93362
2015-05-08,3219,3255,3320,3200,3285,79562
2015-05-11,3229,3265,3330,3220,3260,163072
2015-05-12,3090,3125,3295,3035,3295,327250
2015-05-13,2828,2860,3120,2750,3065,785615
2015-05-14,2828,2860,2950,2820,2885,336968
2015-05-15,2799,2830,2855,2820,2825,233192
2015-05-18,2813,2845,2885,2795,2830,177742
2015-05-19,2744,2775,2875,2740,2850,223786
2015-05-20,2804,2835,2855,2740,2740,174264
2015-05-21,2794,2825,2850,2760,2795,163094
2015-05-22,2739,2770,2885,2765,2885,266835
2015-05-26,2927,2960,2965,2745,2770,311035
2015-05-27,2784,2815,2930,2800,2900,246044
2015-05-28,2764,2795,2870,2755,2810,252356
2015-05-29,2724,2755,2820,2720,2820,191006
2015-06-01,2739,2770,2770,2660,2755,141248
2015-06-02,2630,2660,2735,2550,2735,222820
2015-06-03,2571,2600,2695,2550,2600,116703
2015-06-04,2502,2530,2655,2530,2640,127676
2015-06-05,2477,2505,2570,2390,2530,283375
2015-06-08,2472,2500,2550,2450,2450,65870
2015-06-09,2472,2500,2530,2465,2530,59732
2015-06-10,2561,2590,2610,2470,2510,85069
2015-06-11,2601,2630,2690,2545,2590,113230
2015-06-12,2640,2670,2670,2540,2600,153347
2015-06-15,2546,2575,2675,2540,2675,65710
2015-06-16,2571,2600,2600,2450,2570,126175
2015-06-17,2462,2490,2595,2480,2580,152491
2015-06-18,2467,2495,2520,2430,2520,109956
2015-06-19,2452,2480,2510,2430,2475,116778
2015-06-22,2452,2480,2485,2430,2480,66183
2015-06-23,2373,2400,2480,2400,2480,250580
2015-06-24,2398,2425,2445,2395,2405,164880
2015-06-25,2403,2430,2460,2415,2440,57061
2015-06-26,2403,2430,2455,2400,2410,82194
2015-06-29,2363,2390,2410,2280,2410,200248
2015-06-30,2319,2345,2365,2280,2350,94215
2015-07-01,2388,2415,2420,2305,2350,94620
2015-07-02,2368,2395,2425,2360,2380,136197
2015-07-03,2294,2320,2410,2300,2410,166453
2015-07-06,2166,2190,2325,2180,2320,249224
2015-07-07,2166,2190,2245,2160,2200,88204
2015-07-08,2086,2110,2230,2110,2230,123917
2015-07-09,2037,2060,2100,1990,2100,198156
2015-07-10,2106,2130,2200,2025,2025,84854
2015-07-13,2156,2180,2190,2075,2075,58818
2015-07-14,2210,2235,2255,2180,2195,67663
2015-07-15,2235,2260,2300,2205,2250,95654
2015-07-16,2161,2185,2280,2185,2275,112907
2015-07-17,2072,2095,2200,2070,2180,149292
2015-07-20,2096,2120,2175,2050,2135,155095
2015-07-21,2230,2255,2285,2085,2105,210783
2015-07-22,2269,2295,2335,2205,2210,106951
2015-07-23,2279,2305,2330,2250,2315,81490
2015-07-24,2245,2270,2305,2220,2305,62630
2015-07-27,2438,2465,2850,2230,2230,849477
2015-07-28,2566,2595,2830,2370,2450,844188
2015-07-29,2433,2460,2665,2460,2595,285749
2015-07-30,2349,2375,2550,2375,2425,108007
2015-07-31,2339,2365,2400,2300,2330,107940
2015-08-03,2299,2325,2390,2250,2390,59162
2015-08-04,2255,2280,2325,2205,2300,144313
2015-08-05,2299,2325,2400,2235,2255,57005
2015-08-06,2309,2335,2350,2295,2300,49665
2015-08-07,2235,2260,2335,2215,2320,200859
2015-08-10,2136,2160,2260,2095,2260,214586
2015-08-11,2146,2170,2210,2115,2150,96178
2015-08-12,2027,2050,2165,2035,2120,348949
2015-08-13,2047,2070,2145,2020,2080,265403
2015-08-14,2047,2070,2070,2070,2070,0
2015-08-17,2067,2090,2120,2050,2080,130185
2015-08-18,2002,2025,2075,2000,2045,174969
2015-08-19,1879,1900,2030,1810,2000,407181
2015-08-20,1720,1740,1965,1710,1845,645779
2015-08-21,1720,1740,1740,1500,1500,407514
2015-08-24,1627,1645,1820,1595,1735,308638
2015-08-25,1691,1710,1750,1635,1680,190073
2015-08-26,1770,1790,1800,1680,1680,211268
2015-08-27,1874,1895,1950,1800,1800,224940
2015-08-28,1864,1885,1980,1875,1900,123691
2015-08-31,1839,1860,1900,1825,1890,157111
2015-09-01,1785,1805,1865,1785,1865,103704
2015-09-02,1829,1850,1860,1730,1780,93969
2015-09-03,1859,1880,1920,1850,1890,113860
2015-09-04,1844,1865,1920,1820,1880,94507
2015-09-07,1864,1885,1900,1850,1900,24038
2015-09-08,1844,1865,1920,1830,1905,103862
2015-09-09,1874,1895,1900,1850,1880,37657
2015-09-10,1879,1900,1940,1860,1890,105012
2015-09-11,1879,1900,1940,1860,1940,73353
2015-09-14,1849,1870,1920,1870,1900,53012
2015-09-15,1834,1855,1910,1805,1905,46851
2015-09-16,1869,1890,1900,1855,1890,112607
2015-09-17,1834,1855,1910,1855,1880,80727
2015-09-18,1864,1885,1890,1845,1890,77213
2015-09-21,1864,1885,1910,1865,1900,46894
2015-09-22,1903,1925,1935,1840,1905,153186
2015-09-23,1948,1970,2030,1920,1940,208335
2015-09-24,1928,1950,2045,1925,2010,125885
2015-09-25,1908,1930,1935,1905,1935,62693
2015-09-30,1879,1900,1935,1830,1935,149882
2015-10-01,1899,1920,1925,1880,1900,70992
2015-10-02,1908,1930,1930,1885,1930,50876
2015-10-05,2230,2255,2425,1935,1935,1227321
2015-10-06,2067,2090,2235,2070,2210,419442
2015-10-07,2017,2040,2110,2035,2075,212360
2015-10-08,2042,2065,2100,2035,2040,100652
2015-10-12,2101,2125,2280,2065,2065,403755
2015-10-13,2245,2270,2300,2130,2135,406345
2015-10-14,2220,2245,2315,2230,2270,184824
2015-10-15,2264,2290,2320,2200,2240,270071
2015-10-16,2269,2295,2365,2250,2290,300498
2015-10-19,2190,2215,2310,2170,2295,176310
2015-10-20,2205,2230,2245,2180,2200,100809
2015-10-21,2166,2190,2245,2100,2230,120686
2015-10-22,2156,2180,2200,2120,2195,90478
2015-10-23,2126,2150,2190,2115,2190,67667
2015-10-26,2101,2125,2165,2120,2165,50812
2015-10-27,2141,2165,2190,2110,2115,62083
2015-10-28,2077,2100,2180,2095,2170,74567
2015-10-29,2052,2075,2135,2015,2100,75163
2015-10-30,1997,2020,2075,1980,2075,153520
2015-11-02,2007,2030,2060,1975,2020,46223
2015-11-03,2096,2120,2120,2000,2065,106566
2015-11-04,2101,2125,2160,2075,2120,53558
2015-11-05,2116,2140,2160,2100,2135,69954
2015-11-06,2042,2065,2125,2055,2105,73460
2015-11-09,1997,2020,2075,1995,2060,74626
2015-11-10,1928,1950,2005,1925,2000,134010
2015-11-11,1988,2010,2025,1930,1950,35569
2015-11-12,1978,2000,2015,1975,2015,22417
2015-11-13,1973,1995,2015,1940,1960,47122
2015-11-16,1908,1930,1960,1930,1950,40343
2015-11-17,1992,2015,2040,1930,1930,33546
2015-11-18,1948,1970,2045,1970,2010,38660
2015-11-19,1988,2010,2015,1950,1970,53322
2015-11-20,1997,2020,2050,2005,2010,20463
2015-11-23,2007,2030,2050,1980,2020,33158
2015-11-24,2002,2025,2070,1990,2050,41674
2015-11-25,2002,2025,2045,1990,2020,37331
2015-11-26,1963,1985,2095,1975,2020,202728
2015-11-27,1928,1950,1995,1940,1995,96406
2015-11-30,1968,1990,2000,1910,1935,56551
2015-12-01,1948,1970,1990,1945,1990,94321
2015-12-02,1948,1970,1985,1950,1980,56042
2015-12-03,1918,1940,1970,1940,1940,77557
2015-12-04,1899,1920,1935,1900,1910,77928
2015-12-07,1889,1910,1945,1885,1925,73852
2015-12-08,1844,1865,1905,1850,1900,112227
2015-12-09,1814,1835,1895,1830,1850,62197
2015-12-10,1795,1815,1835,1750,1835,86714
2015-12-11,1810,1830,1870,1775,1810,46997
2015-12-14,1765,1785,1825,1735,1790,82356
2015-12-15,1755,1775,1810,1725,1750,98109
2015-12-16,1785,1805,1825,1775,1775,27078
2015-12-17,1800,1820,1840,1790,1825,86869
2015-12-18,1795,1815,1840,1795,1830,64451
2015-12-21,1795,1815,1815,1775,1815,27047
2015-12-22,1800,1820,1825,1795,1800,36361
2015-12-23,1800,1820,1840,1800,1820,143290
2015-12-24,1805,1825,1855,1815,1840,106018
2015-12-28,1810,1830,1835,1800,1825,43845
2015-12-29,1825,1825,1835,1800,1805,43223
2015-12-30,1810,1810,1830,1790,1830,55113
2016-01-04,1755,1755,1810,1745,1810,72603
2016-01-05,1720,1720,1775,1720,1755,44486
2016-01-06,1820,1820,1990,1700,1700,293436
2016-01-07,1750,1750,1860,1740,1820,113337
2016-01-08,1820,1820,1950,1700,1730,219169
2016-01-11,1810,1810,1855,1765,1820,35061
2016-01-12,1790,1790,1835,1775,1805,38713
2016-01-13,1815,1815,1845,1775,1820,56014
2016-01-14,1810,1810,1830,1755,1810,78758
2016-01-15,1810,1810,1840,1780,1840,45161
2016-01-18,1755,1755,1830,1755,1830,65052
2016-01-19,1745,1745,1770,1710,1750,74798
2016-01-20,1745,1745,1765,1650,1765,166198
2016-01-21,1685,1685,2190,1680,2100,1967195
2016-01-22,1660,1660,1725,1620,1685,320056
2016-01-25,1640,1640,1665,1605,1650,239406
2016-01-26,1605,1605,1690,1565,1640,316014
2016-01-27,1590,1590,1625,1575,1605,200651
2016-01-28,1605,1605,1610,1560,1565,237306
2016-01-29,1625,1625,1655,1595,1600,245570
2016-02-01,1600,1600,1650,1595,1650,126412
2016-02-02,1585,1585,1625,1575,1595,146056
2016-02-03,1590,1590,1595,1560,1570,117940
2016-02-04,1610,1610,1615,1590,1615,65832
2016-02-05,1630,1630,1640,1600,1600,88069
2016-02-11,1605,1605,1630,1570,1630,105493
2016-02-12,1575,1575,1635,1535,1635,151356
2016-02-15,1615,1615,1615,1560,1560,54516
2016-02-16,1695,1695,1720,1620,1645,256656
2016-02-17,1715,1715,1750,1685,1750,74341
2016-02-18,1725,1725,1740,1705,1705,68992
2016-02-19,1725,1725,1735,1710,1720,23003
2016-02-22,1735,1735,1750,1675,1750,21317
2016-02-23,1730,1730,1740,1680,1735,149520
2016-02-24,1735,1735,1755,1695,1730,120800
2016-02-25,1745,1745,1785,1720,1750,46119
2016-02-26,1760,1760,1775,1730,1745,41269
2016-02-29,1770,1770,1780,1735,1780,34237
2016-03-02,1745,1745,1795,1745,1770,88232
2016-03-03,1765,1765,1840,1755,1820,178889
2016-03-04,1830,1830,1875,1765,1770,184601
2016-03-07,1865,1865,1885,1840,1870,154282
2016-03-08,1860,1860,1890,1835,1890,77555
2016-03-09,1860,1860,1890,1830,1865,56591
2016-03-10,1860,1860,1900,1840,1860,49313
2016-03-11,1870,1870,1905,1855,1865,62157
2016-03-14,1875,1875,1895,1845,1850,82985
2016-03-15,1825,1825,1890,1825,1860,44129
2016-03-16,1830,1830,1850,1790,1850,36283
2016-03-17,1830,1830,1840,1800,1835,72555
2016-03-18,1830,1830,1860,1820,1835,60402
2016-03-21,1845,1845,1880,1810,1880,25310
2016-03-22,1840,1840,1860,1815,1855,50592
2016-03-23,1825,1825,1855,1800,1840,57834
2016-03-24,1805,1805,1840,1800,1830,72150
2016-03-25,1790,1790,1830,1780,1790,47870
2016-03-28,1765,1765,1805,1750,1770,22499
2016-03-29,1840,1840,1840,1765,1835,52714
2016-03-30,1905,1905,1915,1840,1840,235658
2016-03-31,1995,1995,2025,1870,1935,450643
2016-04-01,1990,1990,2045,1960,1985,186727
2016-04-04,1945,1945,1995,1915,1990,85986
2016-04-05,1950,1950,1965,1925,1940,49320
2016-04-06,1950,1950,1960,1905,1960,40665
2016-04-07,1920,1920,1950,1905,1920,103049
2016-04-08,1930,1930,1945,1900,1945,75016
2016-04-11,1915,1915,1940,1875,1915,121437
2016-04-12,1915,1915,1940,1900,1940,28787
2016-04-14,1910,1910,1950,1895,1915,32320
2016-04-15,1930,1930,1930,1900,1905,37184
2016-04-18,1975,1975,1985,1925,1950,137777
2016-04-19,1995,1995,1995,1950,1980,144427
2016-04-20,2035,2035,2035,1995,2030,177280
2016-04-21,2030,2030,2045,2005,2040,117396
2016-04-22,2020,2020,2040,1985,2040,67347
2016-04-25,2005,2005,2030,1995,2030,39381
2016-04-26,1980,1980,2020,1950,2005,95902
2016-04-27,1995,1995,2020,1975,2000,60642
2016-04-28,2005,2005,2030,1985,2000,59902
2016-04-29,1980,1980,2010,1975,2010,50381
2016-05-02,1955,1955,1990,1940,1990,36598
2016-05-03,1940,1940,1990,1835,1990,90269
2016-05-04,1930,1930,1970,1910,1970,37081
2016-05-09,1900,1900,1965,1875,1930,60994
2016-05-10,1915,1915,1940,1860,1900,18049
2016-05-11,1945,1945,1970,1930,1970,26682
2016-05-12,1935,1935,1975,1895,1975,18700
2016-05-13,1935,1935,1940,1900,1920,38043
2016-05-16,1900,1900,1965,1895,1950,50725
2016-05-17,1895,1895,1920,1880,1880,38437
2016-05-18,1840,1840,1915,1840,1895,166422
2016-05-19,1840,1840,1880,1820,1845,45968
2016-05-20,1835,1835,1865,1810,1865,27458
2016-05-23,1820,1820,1865,1805,1865,35721
2016-05-24,1780,1780,1840,1775,1800,80376
2016-05-25,1760,1760,1795,1750,1780,109135
2016-05-26,1780,1780,1780,1755,1760,42963
2016-05-27,1830,1830,1845,1785,1790,75014
2016-05-30,1830,1830,1850,1820,1830,56675
2016-05-31,1810,1810,1835,1810,1835,26391
2016-06-01,1800,1800,1830,1775,1810,82012
2016-06-02,1800,1800,1810,1780,1810,12043
2016-06-03,1785,1785,1815,1785,1815,31483
2016-06-07,1820,1820,1845,1780,1785,51712
2016-06-08,1850,1850,1870,1820,1820,51278
2016-06-09,1855,1855,1895,1820,1870,61487
2016-06-10,1850,1850,1865,1830,1830,29434
2016-06-13,1830,1830,1880,1830,1880,50555
2016-06-14,1815,1815,1855,1795,1855,30697
2016-06-15,1850,1850,1880,1805,1805,77222
2016-06-16,1795,1795,1860,1780,1820,74706
2016-06-17,1800,1800,1830,1780,1795,26214
2016-06-20,1825,1825,1850,1810,1825,16671
2016-06-21,1830,1830,1845,1815,1845,18712
2016-06-22,1860,1860,1885,1820,1835,97403
2016-06-23,1905,1905,1945,1850,1860,233172
2016-06-24,1800,1800,1945,1780,1940,252342
2016-06-27,1810,1810,1830,1735,1740,86899
2016-06-28,2150,2150,2300,1805,1820,1095425
2016-06-29,2145,2145,2185,2060,2155,780360
2016-06-30,2170,2170,2195,2110,2160,613093
2016-07-01,2250,2250,2255,2150,2190,736357
2016-07-04,2335,2335,2525,2270,2300,1427937
2016-07-05,2325,2325,2390,2270,2385,429411
2016-07-06,2165,2165,2365,2130,2365,636376
2016-07-07,2210,2210,2235,2155,2170,320533
2016-07-08,2155,2155,2210,2075,2210,354753
2016-07-11,2150,2150,2175,2095,2170,180345
2016-07-12,2215,2215,2250,2115,2140,480737
2016-07-13,2290,2290,2290,2195,2195,263401
2016-07-14,2235,2235,2310,2210,2300,254203
2016-07-15,2225,2225,2275,2195,2275,132909
2016-07-18,2195,2195,2230,2165,2230,152031
2016-07-19,2185,2185,2245,2155,2180,173014
2016-07-20,2230,2230,2235,2170,2170,131122
2016-07-21,2305,2305,2320,2205,2215,207532
2016-07-22,2320,2320,2325,2260,2295,172965
2016-07-25,2370,2370,2520,2290,2345,517331
2016-07-26,2440,2440,2550,2360,2360,655396
2016-07-27,2420,2420,2535,2405,2425,304205
2016-07-28,2465,2465,2495,2420,2420,210187
2016-07-29,2500,2500,2550,2410,2460,174936
2016-08-01,2495,2495,2510,2440,2460,126369
2016-08-02,2430,2430,2500,2410,2500,143316
2016-08-03,2380,2380,2435,2320,2405,162529
2016-08-04,2415,2415,2450,2380,2380,84265
2016-08-05,2410,2410,2455,2370,2450,63222
2016-08-08,2400,2400,2415,2350,2415,105179
2016-08-09,2390,2390,2445,2370,2435,65838
2016-08-10,2380,2380,2390,2320,2390,109397
2016-08-11,2380,2380,2410,2350,2390,72050
2016-08-12,2375,2375,2410,2330,2410,93894
2016-08-16,2375,2375,2430,2370,2375,53779
2016-08-17,2270,2270,2375,2260,2375,99503
2016-08-18,2180,2180,2300,2180,2270,153279
2016-08-19,2255,2255,2280,2185,2190,150405
2016-08-22,2250,2250,2345,2205,2345,112902
2016-08-23,2250,2250,2290,2200,2250,119201
2016-08-24,2200,2200,2255,2185,2250,92701
2016-08-25,2225,2225,2255,2195,2240,58298
2016-08-26,2190,2190,2225,2150,2225,90708
2016-08-29,2175,2175,2210,2150,2190,86260
2016-08-30,2185,2185,2200,2135,2135,40398
2016-08-31,2185,2185,2215,2150,2150,41353
2016-09-01,2400,2400,2470,2180,2210,558729
2016-09-02,2370,2370,2430,2310,2395,171101
2016-09-05,2335,2335,2345,2270,2335,165071
2016-09-06,2400,2400,2415,2335,2335,220643
2016-09-07,2375,2375,2415,2270,2415,87798
2016-09-08,2355,2355,2415,2325,2395,87361
2016-09-09,2335,2335,2395,2300,2320,43240
2016-09-12,2200,2200,2315,2200,2210,113390
2016-09-13,2260,2260,2265,2220,2220,44348
2016-09-19,2235,2235,2295,2195,2260,65052
2016-09-20,2240,2240,2280,2205,2235,45258
2016-09-21,2230,2230,2260,2215,2260,57379
2016-09-22,2250,2250,2270,2220,2220,81160
2016-09-23,2215,2215,2300,2215,2300,60031
2016-09-26,2235,2235,2245,2200,2245,57549
2016-09-27,2235,2235,2240,2185,2235,64160
2016-09-28,2185,2185,2260,2180,2235,84600
2016-09-29,2175,2175,2225,2155,2225,67189
2016-09-30,2115,2115,2185,2080,2140,147190
2016-10-04,2150,2150,2150,2085,2115,73590
2016-10-05,2120,2120,2165,2100,2135,79382
2016-10-06,2100,2100,2130,2065,2090,106366
2016-10-07,2100,2100,2145,2075,2090,86398
2016-10-10,2035,2035,2105,2015,2095,119507
2016-10-11,2045,2045,2045,2015,2015,40497
2016-10-12,2035,2035,2080,2005,2045,77680
2016-10-13,2000,2000,2035,2000,2035,44884
2016-10-14,2030,2030,2065,2000,2000,49561
2016-10-17,2015,2015,2065,2015,2035,50215
2016-10-18,1995,1995,2045,1975,2045,54710
2016-10-19,2050,2050,2060,1965,1965,58414
2016-10-20,2045,2045,2090,2010,2010,43950
2016-10-21,2055,2055,2080,2010,2010,47657
2016-10-24,2045,2045,2080,2005,2055,36656
2016-10-25,1990,1990,2065,1975,2045,88869
2016-10-26,1975,1975,2040,1960,2040,57841
2016-10-27,1975,1975,1995,1920,1960,47729
2016-10-28,1955,1955,1995,1920,1965,43332
2016-10-31,1840,1840,1955,1825,1955,206501
2016-11-01,1790,1790,1880,1775,1795,137748
2016-11-02,1740,1740,1865,1680,1790,181875
2016-11-03,1780,1780,1780,1705,1740,33916
2016-11-04,1750,1750,1825,1725,1780,58109
2016-11-07,1800,1800,1800,1740,1750,77749
2016-11-08,1795,1795,1870,1790,1810,57984
2016-11-09,1750,1750,1855,1640,1830,257212
2016-11-10,1750,1750,1805,1680,1800,57081
2016-11-11,1775,1775,1780,1725,1730,50445
2016-11-14,1790,1790,1800,1750,1775,41321
2016-11-15,1785,1785,1860,1755,1825,99208
2016-11-16,1790,1790,1790,1725,1780,117612
2016-11-17,1800,1800,1830,1760,1795,39521
2016-11-18,1795,1795,1810,1760,1805,44677
2016-11-21,1780,1780,1805,1740,1805,40990
2016-11-22,1780,1780,1825,1750,1780,43271
2016-11-23,1750,1750,1800,1725,1765,32259
2016-11-24,1725,1725,1780,1720,1750,21339
2016-11-25,1720,1720,1770,1695,1695,31031
2016-11-28,1705,1705,1740,1675,1720,58420
2016-11-29,1710,1710,1715,1690,1710,50749
2016-11-30,1700,1700,1715,1640,1700,111256
2016-12-01,1670,1670,1705,1660,1690,38985
2016-12-02,1630,1630,1660,1610,1650,81412
2016-12-05,1595,1595,1630,1595,1630,46777
2016-12-06,1640,1640,1665,1585,1585,45454
2016-12-07,1710,1710,1975,1630,1660,785736
2016-12-08,1750,1750,1850,1725,1730,228809
2016-12-09,1755,1755,1825,1710,1710,95614
2016-12-12,1815,1815,1845,1740,1755,91788
2016-12-13,1800,1800,1845,1780,1780,63297
2016-12-14,1780,1780,1820,1760,1790,59273
2016-12-15,1800,1800,1805,1760,1765,20322
2016-12-16,1800,1800,1835,1770,1830,36500
2016-12-19,1760,1760,1805,1750,1800,34600
2016-12-20,1770,1770,1795,1755,1755,19430
2016-12-21,1795,1795,1855,1770,1855,55339
2016-12-22,1805,1805,1805,1760,1785,42696
2016-12-23,1800,1800,1815,1775,1815,19566
2016-12-26,1770,1770,1800,1750,1800,73337
2016-12-27,1775,1775,1775,1750,1765,37504
2016-12-28,1785,1785,1810,1760,1760,28100
2016-12-29,1765,1765,1800,1765,1790,20080
2017-01-02,1750,1750,1785,1745,1765,32967
2017-01-03,1775,1775,1780,1740,1755,80673
2017-01-04,1870,1870,1880,1765,1765,167777
2017-01-05,1895,1895,1930,1870,1875,187204
2017-01-06,1900,1900,1910,1875,1895,66342
2017-01-09,1890,1890,1925,1885,1900,43993
2017-01-10,1875,1875,1915,1865,1915,27750
2017-01-11,1875,1875,1900,1850,1900,39692
2017-01-12,1875,1875,1895,1855,1870,36221
2017-01-13,1870,1870,1900,1850,1875,35861
2017-01-16,1865,1865,1870,1825,1850,44718
2017-01-17,1870,1870,1905,1860,1880,61244
2017-01-18,1865,1865,1875,1835,1875,9992
2017-01-19,1830,1830,1880,1800,1880,50771
2017-01-20,1795,1795,1845,1795,1830,28352
2017-01-23,1755,1755,1800,1755,1800,39889
2017-01-24,1715,1715,1770,1705,1770,52497
2017-01-25,1680,1680,1715,1680,1705,81394
2017-01-26,1750,1750,1800,1680,1700,60686
2017-01-31,1750,1750,1775,1730,1750,28440
2017-02-01,1830,1830,1890,1730,1735,83408
2017-02-02,1725,1725,1880,1695,1830,119712
2017-02-03,1725,1725,1745,1700,1705,59910
2017-02-06,1695,1695,1735,1680,1710,61942
2017-02-07,1705,1705,1705,1680,1690,35073
2017-02-08,1700,1700,1705,1660,1700,85103
2017-02-09,1685,1685,1705,1680,1700,23991
2017-02-10,1685,1685,1695,1650,1690,87818
2017-02-13,1730,1730,1730,1650,1670,79656
2017-02-14,1775,1775,1775,1700,1720,133653
2017-02-15,1765,1765,1800,1750,1775,32767
2017-02-16,1735,1735,1770,1720,1770,36492
2017-02-17,1720,1720,1740,1705,1740,32626
2017-02-20,1700,1700,1725,1690,1725,28218
2017-02-21,1690,1690,1710,1675,1700,66704
2017-02-22,1690,1690,1695,1660,1690,107906
2017-02-23,1695,1695,1695,1675,1675,22793
2017-02-24,1690,1690,1690,1670,1690,42818
2017-02-27,1685,1685,1695,1665,1690,41522
2017-02-28,1685,1685,1685,1670,1680,49256
2017-03-02,1710,1710,1730,1685,1685,63446
2017-03-03,1655,1655,1730,1635,1730,100330
2017-03-06,1620,1620,1640,1610,1625,99582
2017-03-07,1615,1615,1635,1605,1610,112833
2017-03-08,1600,1600,1620,1580,1605,198720
2017-03-09,1600,1600,1630,1580,1580,136939
2017-03-10,1655,1655,1665,1560,1585,94126
2017-03-13,1610,1610,1670,1595,1665,124142
2017-03-14,1600,1600,1615,1575,1610,87528
2017-03-15,1585,1585,1600,1565,1590,111256
2017-03-16,1630,1630,1645,1565,1580,111289
2017-03-17,1635,1635,1635,1610,1620,37020
2017-03-20,1630,1630,1660,1615,1640,34857
2017-03-21,1670,1670,1780,1620,1630,268785
2017-03-22,1665,1665,1720,1645,1645,104221
2017-03-23,1670,1670,1710,1650,1680,48597
2017-03-24,1610,1610,1680,1595,1655,95307
2017-03-27,1575,1575,1615,1575,1600,81532
2017-03-28,1590,1590,1595,1575,1590,48861
2017-03-29,1580,1580,1600,1575,1590,44536
2017-03-30,1565,1565,1590,1550,1590,95783
2017-03-31,1600,1600,1600,1550,1560,46850
2017-04-03,1590,1590,1605,1580,1600,51431
2017-04-04,1540,1540,1600,1540,1600,177439
2017-04-05,1550,1550,1570,1530,1540,97194
2017-04-06,1545,1545,1555,1525,1555,138898
2017-04-07,1535,1535,1550,1515,1535,122762
2017-04-10,1510,1510,1535,1480,1525,207516
2017-04-11,1495,1495,1525,1475,1525,93595
2017-04-12,1475,1475,1505,1470,1505,128738
2017-04-13,1490,1490,1495,1480,1485,54106
2017-04-14,1495,1495,1505,1475,1495,97043
2017-04-17,1500,1500,1535,1485,1485,24580
2017-04-18,1485,1485,1515,1485,1500,58974
2017-04-19,1475,1475,1500,1470,1470,86861
2017-04-20,1500,1500,1500,1470,1480,63413
2017-04-21,1490,1490,1500,1480,1500,35720
2017-04-24,1470,1470,1490,1465,1490,77343
2017-04-25,1475,1475,1490,1460,1480,44306
2017-04-26,1545,1545,1575,1485,1490,180581
2017-04-27,1505,1505,1565,1505,1555,46560
2017-04-28,1505,1505,1515,1485,1515,52374
2017-05-02,1525,1525,1525,1485,1505,80237
2017-05-04,1490,1490,1530,1475,1525,99479
2017-05-08,1490,1490,1500,1470,1490,79971
2017-05-10,1505,1505,1525,1485,1485,55819
2017-05-11,1510,1510,1520,1500,1505,25476
2017-05-12,1485,1485,1525,1485,1525,78725
2017-05-15,1485,1485,1510,1480,1495,61362
2017-05-16,1490,1490,1495,1470,1480,92083
2017-05-17,1590,1590,1775,1470,1500,1084926
2017-05-18,1560,1560,1630,1550,1575,354699
2017-05-19,1575,1575,1585,1540,1550,127941
2017-05-22,1585,1585,1625,1575,1585,118507
2017-05-23,1605,1605,1620,1580,1595,109293
2017-05-24,1580,1580,1620,1570,1605,66386
2017-05-25,1555,1555,1580,1550,1560,75897
2017-05-26,1545,1545,1570,1540,1555,49533
2017-05-29,1570,1570,1590,1540,1545,88078
2017-05-30,1575,1575,1595,1545,1570,36701
2017-05-31,1585,1585,1590,1540,1575,117150
2017-06-01,1590,1590,1615,1575,1590,101392
2017-06-02,1590,1590,1600,1560,1600,59563
2017-06-05,1560,1560,1590,1555,1590,82960
2017-06-07,1550,1550,1570,1545,1560,57756
2017-06-08,1535,1535,1565,1530,1550,69891
2017-06-09,1525,1525,1545,1500,1540,143262
2017-06-12,1520,1520,1535,1490,1525,139477
2017-06-13,1540,1540,1555,1520,1520,62943
2017-06-14,1530,1530,1550,1525,1545,48107
2017-06-15,1510,1510,1535,1500,1530,115813
2017-06-16,1520,1520,1525,1510,1510,23117
2017-06-19,1520,1520,1540,1520,1520,27650
2017-06-20,1515,1515,1525,1500,1525,59608
2017-06-21,1490,1490,1520,1485,1510,92149
2017-06-22,1485,1485,1500,1465,1490,145822
2017-06-23,1480,1480,1495,1460,1490,163115
2017-06-26,1470,1470,1495,1460,1495,70439
2017-06-27,1490,1490,1495,1470,1475,44645
2017-06-28,1490,1490,1490,1470,1490,40820
2017-06-29,1480,1480,1495,1480,1480,59204
2017-06-30,1490,1490,1495,1470,1480,64621
2017-07-03,1485,1485,1505,1475,1490,54876
2017-07-04,1485,1485,1500,1470,1485,55935
2017-07-05,1490,1490,1500,1455,1485,98689
2017-07-06,1470,1470,1490,1465,1490,52728
2017-07-07,1460,1460,1480,1455,1465,77300
2017-07-10,1435,1435,1475,1420,1475,102566
2017-07-11,1420,1420,1435,1420,1425,67926
2017-07-12,1410,1410,1430,1410,1420,39516
2017-07-13,1410,1410,1415,1395,1415,85343
2017-07-14,1380,1380,1415,1365,1410,69310
2017-07-17,1330,1330,1380,1310,1380,198138
2017-07-18,1340,1340,1365,1335,1335,53788
2017-07-19,1740,1740,1740,1365,1365,4812655
2017-07-20,1640,1640,1900,1625,1880,5940518
2017-07-21,1810,1810,2040,1610,1640,20276935
2017-07-24,1795,1795,1960,1720,1805,8544901
2017-07-25,1750,1750,1925,1740,1835,4704895
2017-07-26,1700,1700,1780,1650,1750,1802189
2017-07-27,1675,1675,1760,1645,1720,2260799
2017-07-28,1580,1580,1890,1580,1770,6669425
2017-07-31,1610,1610,1615,1530,1560,1070550
2017-08-01,1565,1565,1645,1560,1590,813300
2017-08-02,1590,1590,1595,1530,1565,774994
2017-08-03,1470,1470,1635,1470,1630,874388
2017-08-04,1510,1510,1525,1450,1470,353202
2017-08-07,1465,1465,1545,1465,1510,432326
2017-08-08,1710,1710,1850,1460,1475,14239295
2017-08-09,1650,1650,1745,1605,1650,2405540
2017-08-10,1655,1655,1720,1620,1640,2413058
2017-08-11,1640,1640,1715,1640,1670,2016218
2017-08-14,1550,1550,1670,1525,1650,849637
2017-08-16,1500,1500,1580,1480,1550,855273
2017-08-17,1530,1530,1560,1500,1525,867309
2017-08-18,1535,1535,1555,1495,1505,524396
2017-08-21,1995,1995,1995,1550,1565,15849757
2017-08-22,1995,1995,2090,1900,1990,12582667
2017-08-23,1995,1995,2035,1935,1940,4787579
2017-08-24,2000,2000,2015,1930,1970,3587601
2017-08-25,1980,1980,2335,1980,2085,17883879
2017-08-28,1935,1935,1975,1895,1945,2025773
2017-08-29,1960,1960,1975,1900,1930,2987980
2017-08-30,1860,1860,2140,1860,2080,6595907
2017-08-31,1910,1910,1915,1840,1890,1515418
2017-09-01,1825,1825,1900,1810,1895,1294086
2017-09-04,1750,1750,1825,1745,1755,1100999
2017-09-05,1715,1715,1780,1670,1760,1242116
2017-09-06,1705,1705,1765,1695,1725,923279
2017-09-07,1725,1725,1820,1700,1720,1702963
2017-09-08,1780,1780,1790,1695,1735,1084066
2017-09-11,1865,1865,2055,1790,1795,10609980
2017-09-12,1895,1895,1910,1830,1865,2312411
2017-09-13,1740,1740,2010,1740,1910,3729180
2017-09-14,1950,1950,2030,1745,1760,11322364
2017-09-15,1815,1815,1895,1810,1845,2182332
2017-09-18,1840,1840,1905,1830,1850,1825214
2017-09-19,1780,1780,1860,1780,1845,879450
2017-09-20,1695,1695,1815,1665,1810,1063978
2017-09-21,1640,1640,1725,1640,1700,712092
2017-09-25,1550,1550,1695,1550,1645,1317016
2017-09-26,1550,1550,1550,1550,1550,0
2017-09-27,1600,1600,1765,1565,1565,1865177
2017-09-28,1550,1550,1625,1550,1610,517224
2017-09-29,1555,1555,1590,1545,1560,273096
2017-10-10,1610,1610,1735,1545,1555,1355293
2017-10-11,1650,1650,1685,1605,1620,791022
2017-10-12,1615,1615,1685,1615,1650,328706
2017-10-13,1710,1710,1880,1635,1635,7091231
2017-10-16,1740,1740,1795,1695,1715,1745057
2017-10-17,1735,1735,1765,1705,1755,661178
2017-10-18,1665,1665,1790,1660,1730,1208881
2017-10-19,1700,1700,1710,1645,1670,449574
2017-10-20,1690,1690,1720,1670,1720,342944
2017-10-23,1685,1685,1745,1680,1710,462886
2017-10-24,1715,1715,1780,1675,1680,778758
2017-10-25,1710,1710,1765,1700,1735,546787
2017-10-26,1670,1670,1760,1665,1715,404578
2017-10-27,1705,1705,1705,1665,1670,264399
2017-10-30,1690,1690,1730,1670,1730,236774
2017-10-31,1810,1810,1810,1670,1690,1634272
2017-11-01,1820,1820,1830,1760,1810,987163
2017-11-02,1745,1745,1840,1745,1835,488246
2017-11-03,1730,1730,1775,1725,1765,290530
2017-11-06,1690,1690,1750,1690,1735,284876
2017-11-07,1700,1700,1705,1650,1690,471373
2017-11-08,1665,1665,1710,1660,1705,298681
2017-11-09,1755,1755,1830,1665,1665,2201986
2017-11-10,1735,1735,1745,1705,1745,281915
2017-11-13,1740,1740,1750,1725,1740,229412
2017-11-14,1715,1715,1755,1710,1735,238100
2017-11-15,1685,1685,1730,1590,1715,572733
2017-11-16,1680,1680,1710,1665,1685,169704
2017-11-17,1675,1675,1705,1670,1680,156815
2017-11-20,1670,1670,1710,1670,1685,197976
2017-11-21,1690,1690,1785,1675,1675,737516
2017-11-22,1725,1725,1735,1690,1705,457225
2017-11-23,1710,1710,1780,1700,1740,338545
2017-11-24,1695,1695,1725,1695,1720,214255
2017-11-27,1720,1720,1735,1685,1705,151817
2017-11-28,1685,1685,1745,1685,1715,292792
2017-11-29,1670,1670,1700,1660,1670,215406
2017-11-30,1650,1650,1705,1650,1670,292135
2017-12-01,1630,1630,1680,1625,1680,285720
2017-12-04,1585,1585,1655,1500,1630,933725
2017-12-05,1670,1670,1670,1555,1595,227962
2017-12-06,1660,1660,1700,1625,1655,215056
2017-12-07,1600,1600,1660,1585,1640,235850
2017-12-08,1570,1570,1630,1555,1630,166291
2017-12-11,1560,1560,1590,1525,1550,286985
2017-12-12,1525,1525,1560,1520,1560,215744
2017-12-13,1520,1520,1545,1490,1545,507514
2017-12-14,1515,1515,1550,1515,1520,113246
2017-12-15,1545,1545,1585,1505,1520,225049
2017-12-18,1510,1510,1560,1510,1555,137383
2017-12-19,1455,1455,1530,1440,1510,406233
2017-12-21,1455,1455,1495,1445,1455,117599
2017-12-22,1450,1450,1465,1445,1450,72057
2017-12-26,1405,1405,1465,1405,1450,87273
2017-12-27,1405,1405,1430,1390,1390,111170
2017-12-28,1410,1410,1455,1395,1405,134453
2018-01-01,1410,1410,1410,1410,1410,0
2018-01-02,1425,1425,1450,1400,1415,83868
2018-01-03,1455,1455,1490,1435,1435,147086
2018-01-04,1420,1420,1485,1415,1440,182275
2018-01-05,1435,1435,1455,1420,1420,125554
2018-01-08,1430,1430,1450,1420,1430,129465
2018-01-09,1445,1445,1460,1425,1425,80429
2018-01-10,1445,1445,1460,1415,1450,106674
2018-01-11,1605,1605,1750,1495,1500,5855941
2018-01-12,1535,1535,1615,1505,1590,929757
2018-01-15,1610,1610,1660,1510,1560,2132661
2018-01-16,1590,1590,1645,1550,1595,658453
2018-01-17,1545,1545,1585,1535,1565,333587
2018-01-18,1540,1540,1610,1540,1575,259965
2018-01-19,1535,1535,1560,1515,1545,185034
2018-01-22,1540,1540,1610,1540,1565,190545
2018-01-23,1590,1590,1590,1530,1565,135578
2018-01-24,1580,1580,1620,1560,1600,246586
2018-01-25,1625,1625,1650,1545,1590,389282
2018-01-26,1605,1605,1630,1585,1610,254899
2018-01-29,1615,1615,1625,1595,1610,269562
2018-01-30,1600,1600,1625,1590,1615,195755
2018-01-31,1625,1625,1630,1580,1585,304610
2018-02-01,1660,1660,1690,1610,1630,734273
2018-02-02,1635,1635,1680,1605,1680,323231
2018-02-05,1550,1550,1605,1540,1565,345754
2018-02-06,1535,1535,1545,1470,1490,310015
2018-02-07,1520,1520,1565,1515,1540,196061
2018-02-08,1530,1530,1580,1495,1530,236823
2018-02-09,1520,1520,1545,1490,1490,94436
2018-02-12,1520,1520,1540,1515,1520,85353
2018-02-13,1500,1500,1545,1500,1520,103238
2018-02-14,1525,1525,1540,1500,1500,48270
2018-02-15,1525,1525,1525,1525,1525,0
2018-02-16,1525,1525,1525,1525,1525,0
2018-02-19,1530,1530,1550,1520,1550,105552
2018-02-20,1545,1545,1570,1530,1530,188896
2018-02-21,1580,1580,1595,1545,1550,166235
2018-02-22,1575,1575,1600,1535,1575,218429
2018-02-23,1575,1575,1610,1550,1555,257944
2018-02-26,1555,1555,1590,1555,1590,113916
2018-02-27,1550,1550,1575,1540,1575,85071
2018-02-28,1530,1530,1570,1530,1545,123495
2018-03-02,1520,1520,1540,1500,1530,77812
2018-03-05,1520,1520,1565,1505,1505,81089
2018-03-06,1545,1545,1565,1520,1520,108662
2018-03-07,1575,1575,1630,1560,1610,649436
2018-03-08,1580,1580,1620,1565,1600,230857
2018-03-09,1580,1580,1625,1575,1575,248196
2018-03-12,1610,1610,1625,1585,1585,169860
2018-03-13,1615,1615,1625,1590,1625,132498
2018-03-14,1605,1605,1615,1585,1615,160395
2018-03-15,1585,1585,1625,1575,1610,150010
2018-03-16,1630,1630,1650,1590,1590,424440
2018-03-19,1680,1680,1685,1625,1630,668530
2018-03-20,1690,1690,1690,1645,1680,246979
2018-03-21,1630,1630,1690,1620,1690,253045
2018-03-22,1585,1585,1635,1585,1630,212903
2018-03-23,1525,1525,1580,1485,1560,248057
2018-03-26,1550,1550,1560,1500,1500,119160
2018-03-27,1580,1580,1590,1555,1580,69765
2018-03-28,1535,1535,1580,1515,1580,170372
2018-03-29,1515,1515,1535,1505,1535,111673
2018-03-30,1520,1520,1550,1515,1515,119982
2018-04-02,1540,1540,1560,1520,1540,93300
2018-04-03,1570,1570,1575,1525,1525,108621
2018-04-04,1575,1575,1585,1550,1580,99929
2018-04-05,1560,1560,1585,1545,1575,111515
2018-04-06,1540,1540,1575,1525,1575,87700
2018-04-09,1495,1495,1535,1495,1535,188760
2018-04-10,1465,1465,1495,1425,1485,304090
2018-04-11,1475,1475,1495,1465,1480,87328
2018-04-12,1490,1490,1510,1470,1470,68697
2018-04-13,1500,1500,1510,1470,1510,61879
2018-04-16,1500,1500,1515,1485,1495,43794
2018-04-17,1500,1500,1515,1480,1510,116724
2018-04-18,1520,1520,1520,1495,1500,105446
2018-04-19,1510,1510,1540,1495,1540,54895
2018-04-20,1535,1535,1540,1485,1510,97670
2018-04-23,1540,1540,1550,1520,1535,116142
2018-04-24,1525,1525,1550,1520,1540,87618
2018-04-25,1500,1500,1530,1490,1520,70403
2018-04-26,1495,1495,1510,1490,1500,86225
2018-04-27,1505,1505,1510,1475,1490,67744
2018-04-30,1500,1500,1515,1450,1505,139634
2018-05-02,1510,1510,1515,1480,1500,134561
2018-05-03,1515,1515,1550,1495,1520,114451
2018-05-04,1515,1515,1530,1500,1510,81937
2018-05-08,1505,1505,1530,1505,1520,97052
2018-05-09,1505,1505,1530,1475,1505,124129
2018-05-10,1515,1515,1525,1505,1505,40475
2018-05-11,1540,1540,1540,1500,1515,134287
2018-05-14,1560,1560,1560,1500,1540,213243
2018-05-15,1980,1980,2025,1595,1600,22538111
2018-05-16,1880,1880,1900,1760,1890,5291153
2018-05-17,1845,1845,1940,1815,1880,3132148
2018-05-18,1875,1875,1910,1840,1840,1872261
2018-05-21,1855,1855,1905,1790,1895,1248479
2018-05-23,1900,1900,1955,1805,1855,2149455
2018-05-24,1825,1825,1895,1805,1875,1053339
2018-05-25,1740,1740,1825,1700,1700,847256
2018-05-28,1805,1805,1855,1720,1785,993488
2018-05-29,1780,1780,1840,1770,1825,375298
2018-05-30,1790,1790,1830,1710,1780,520885
2018-05-31,1750,1750,1835,1750,1835,320108
2018-06-01,1800,1800,1800,1735,1760,404490
2018-06-04,1800,1800,1845,1780,1790,484739
2018-06-05,1785,1785,1820,1775,1805,314329
2018-06-07,1820,1820,1855,1780,1810,644639
2018-06-08,1830,1830,1840,1790,1820,422804
2018-06-11,1755,1755,1845,1745,1815,539020
2018-06-12,1710,1710,1790,1670,1790,565620
2018-06-14,1650,1650,1710,1650,1710,263318
2018-06-15,1685,1685,1700,1650,1650,156608
2018-06-18,1615,1615,1690,1600,1685,435210
2018-06-19,1650,1650,1665,1595,1630,348640
2018-06-20,1665,1665,1690,1630,1630,301094
2018-06-21,1680,1680,1695,1650,1695,162785
2018-06-22,1630,1630,1720,1625,1675,366269
2018-06-25,1690,1690,1690,1615,1615,144726
2018-06-26,1675,1675,1680,1645,1675,134481
2018-06-27,1620,1620,1720,1620,1675,265537
2018-06-28,1585,1585,1710,1445,1580,457468
2018-06-29,1585,1585,1670,1550,1560,127055
2018-07-02,1605,1605,1715,1560,1560,750827
2018-07-03,1640,1640,1685,1575,1610,414303
2018-07-04,1645,1645,1660,1615,1640,164985
2018-07-05,1600,1600,1660,1570,1660,198023
2018-07-06,1600,1600,1625,1550,1580,173906
2018-07-09,1570,1570,1625,1560,1595,161433
2018-07-10,1605,1605,1625,1570,1570,93695
2018-07-11,1590,1590,1615,1575,1615,71074
2018-07-12,1575,1575,1595,1570,1580,97715
2018-07-13,1630,1630,1630,1570,1570,167491
2018-07-16,1655,1655,1675,1615,1630,236377
2018-07-17,1680,1680,1680,1630,1655,375572
2018-07-18,1580,1580,1775,1575,1765,796280
2018-07-19,1550,1550,1610,1540,1540,377641
2018-07-20,1530,1530,1560,1510,1520,174110
2018-07-23,1515,1515,1580,1515,1545,294019
2018-07-24,1510,1510,1525,1450,1480,295344
2018-07-25,1460,1460,1540,1460,1510,225690
2018-07-26,1490,1490,1530,1460,1460,155401
2018-07-27,1490,1490,1500,1480,1485,143748
2018-07-30,1470,1470,1490,1455,1475,122359
2018-07-31,1495,1495,1495,1460,1470,81591
2018-08-01,1485,1485,1500,1475,1500,78094
2018-08-02,1480,1480,1500,1475,1475,64470
2018-08-03,1480,1480,1485,1470,1480,44454
