,Adj Close,Close,High,Low,Open,Volume
2008-01-24,3733,8419,4209,3131,3660,8526115
2008-01-25,3679,8297,4331,3945,4270,1790990
2008-01-28,3968,8948,4677,3985,4030,2309664
2008-01-29,3878,8744,4535,4270,4474,1177620
2008-01-30,3535,7971,4433,3908,4331,718448
2008-01-31,3860,8703,4494,3904,4087,762256
2008-02-01,3715,8378,4392,4148,4351,488553
2008-02-04,4220,9517,4799,4189,4331,1253860
2008-02-05,4509,10168,5165,4596,4718,1139870
2008-02-11,4599,10371,5267,4941,4962,525609
2008-02-12,4599,10371,5450,5165,5226,726638
2008-02-13,4689,10574,5734,5104,5267,993010
2008-02-14,5122,11551,6080,5409,5429,1342529
2008-02-15,5158,11632,5958,5612,5653,467111
2008-02-18,5339,12039,6019,5694,5816,452782
2008-02-19,5429,12242,6466,6080,6222,603684
2008-02-20,5862,13218,6670,5816,6019,1103691
2008-02-21,5826,13137,7016,6507,6650,854392
2008-02-22,5934,13381,6711,6304,6629,377739
2008-02-25,6042,13625,6873,6609,6812,338061
2008-02-26,6132,13828,7178,6670,6812,677910
2008-02-27,6024,13584,7056,6670,6934,448764
2008-02-28,5916,13340,6792,6182,6711,555327
2008-02-29,6078,13706,6894,6466,6527,312622
2008-03-03,6042,13625,6995,6670,6670,239627
2008-03-04,6168,13910,7036,6853,7016,496120
2008-03-05,6746,15211,7748,6975,7036,837306
2008-03-06,6728,15170,7748,7422,7748,551034
2008-03-07,6926,15618,7931,7443,7483,475532
2008-03-10,6601,14886,7829,7443,7768,648797
2008-03-11,6710,15130,7585,7138,7443,536049
2008-03-12,6349,14316,7707,7158,7687,360806
2008-03-13,6096,13747,7239,6548,7077,465471
2008-03-14,6313,14235,7117,6466,6914,334939
2008-03-17,6096,13747,7036,6568,6975,247197
2008-03-18,6114,13788,6995,6751,6792,155792
2008-03-19,6204,13991,7178,6914,7178,185047
2008-03-20,6385,14398,7219,6772,6873,150617
2008-03-21,6601,14886,7565,7300,7300,183299
2008-03-24,6493,14642,7443,7117,7443,201088
2008-03-25,6349,14316,7341,7036,7341,162526
2008-03-26,5880,13259,7056,6629,7056,369080
2008-03-27,6439,14520,7361,6568,6629,697154
2008-03-28,6511,14682,7361,7056,7138,396216
2008-03-31,6547,14764,7402,6995,7321,236704
2008-04-01,6313,14235,7280,7077,7138,143791
2008-04-02,6493,14642,7504,7117,7158,383991
2008-04-03,6601,14886,7666,7260,7402,268637
2008-04-04,6493,14642,7483,7321,7443,245604
2008-04-07,6493,14642,7361,7239,7260,116663
2008-04-08,6493,14642,7382,7219,7382,96959
2008-04-10,6800,15333,7666,7158,7321,280866
2008-04-11,6818,15374,7727,7524,7687,295013
2008-04-14,6673,15048,7646,7483,7585,125743
2008-04-15,7124,16065,8053,7565,7565,380323
2008-04-16,7106,16025,8276,7931,8073,386750
2008-04-17,6998,15781,8093,7788,8012,174276
2008-04-18,7197,16228,8175,7951,8093,102688
2008-04-21,7215,16269,8256,8012,8236,191098
2008-04-22,7215,16269,8154,7931,8154,117327
2008-04-23,7305,16472,8236,8053,8114,204631
2008-04-24,7305,16472,8297,8053,8297,236817
2008-04-25,7197,16228,8297,7992,8256,131919
2008-04-28,7215,16269,8134,7849,8114,141962
2008-04-29,7197,16228,8134,7931,8134,103091
2008-04-30,7215,16269,8215,7931,8134,246993
2008-05-02,7251,16350,8215,8073,8134,278097
2008-05-06,7882,17774,8948,8236,8256,634788
2008-05-07,7882,17774,8948,8602,8927,370983
2008-05-08,7936,17896,9110,8663,8846,696778
2008-05-09,8207,18506,9273,8459,9090,726181
2008-05-13,8026,18099,9253,8927,9253,404322
2008-05-14,7756,17489,9151,8724,8948,196748
2008-05-15,8423,18994,9497,8826,8826,747069
2008-05-16,8910,20092,10290,9314,9598,706089
2008-05-19,8946,20173,10290,9883,10127,502306
2008-05-20,9271,20905,10452,10046,10168,474927
2008-05-21,9163,20661,10676,10269,10269,400853
2008-05-22,9199,20743,10473,9842,10269,446114
2008-05-23,9199,20743,10615,10188,10269,283401
2008-05-26,8928,20133,10371,9903,10290,256820
2008-05-27,8549,19278,9985,9090,9842,386632
2008-05-28,8171,18424,9619,9090,9619,374988
2008-05-29,8297,18709,9639,9212,9212,287686
2008-05-30,8261,18628,9537,8866,9375,321940
2008-06-02,8026,18099,9334,8907,9334,486330
2008-06-03,7936,17896,9192,8703,8846,238661
2008-06-04,8585,19360,9802,8907,8907,395798
2008-06-05,8441,19034,9903,9232,9680,266768
2008-06-09,8189,18465,9517,9131,9192,183619
2008-06-10,8189,18465,9395,9090,9395,124653
2008-06-11,8531,19238,9639,9192,9192,263166
2008-06-12,8622,19441,10086,9354,9578,291957
2008-06-13,8549,19278,9903,9497,9903,118568
2008-06-16,8640,19482,10066,9517,9680,179808
2008-06-17,8784,19807,9903,9558,9741,210263
2008-06-18,8838,19929,10005,9639,9781,348341
2008-06-19,9018,20336,10168,9639,9964,405187
2008-06-20,8640,19482,10330,9720,10310,282149
2008-06-23,8423,18994,9517,9171,9476,231575
2008-06-24,8098,18262,9517,9131,9334,154263
2008-06-25,8297,18709,9476,9090,9110,255318
2008-06-26,8585,19360,9720,9151,9253,288866
2008-06-27,8513,19197,9680,9293,9639,432436
2008-06-30,8171,18424,9598,9090,9598,143445
2008-07-01,7395,16675,9212,8215,9212,328773
2008-07-02,7575,17082,8541,7626,8134,472994
2008-07-03,7287,16431,8439,8053,8236,175277
2008-07-04,7215,16269,8520,8134,8215,141864
2008-07-07,7251,16350,8439,8134,8134,138348
2008-07-08,7287,16431,8317,7524,8297,200498
2008-07-09,7377,16635,8541,8215,8297,150961
2008-07-10,7305,16472,8317,8012,8154,103952
2008-07-11,7684,17326,8663,8236,8236,107271
2008-07-14,7377,16635,8663,8276,8500,184669
2008-07-15,6998,15781,8378,7890,8215,158265
2008-07-16,7088,15984,8256,7727,7971,151140
2008-07-17,7197,16228,8317,8032,8134,168862
2008-07-18,7233,16309,8276,8053,8256,214623
2008-07-21,7395,16675,8398,8154,8154,166079
2008-07-22,7395,16675,8419,8134,8236,135843
2008-07-23,7774,17529,8785,8297,8358,241636
2008-07-24,8044,18140,9232,8683,8764,350541
2008-07-25,7575,17082,9070,8398,8866,350089
2008-07-28,8062,18180,9110,8561,8622,934610
2008-07-29,7756,17489,8988,8419,8785,592607
2008-07-30,7684,17326,8907,8256,8826,364248
2008-07-31,7666,17285,8764,8378,8683,126893
2008-08-01,7702,17367,8805,8419,8520,120400
2008-08-04,7503,16919,8744,8459,8744,71197
2008-08-05,7503,16919,8642,8337,8337,101739
2008-08-06,7575,17082,8785,8541,8683,143381
2008-08-07,7449,16797,8602,8256,8459,106221
2008-08-08,7756,17489,8785,8154,8256,112626
2008-08-11,7738,17448,8887,8703,8887,111500
2008-08-12,7828,17652,8866,8663,8805,67859
2008-08-13,7792,17570,8866,8500,8805,98862
2008-08-14,7738,17448,8785,8581,8581,81062
2008-08-18,8116,18302,9151,8642,8642,293845
2008-08-19,7990,18018,9151,8805,9131,601603
2008-08-20,7756,17489,9070,8744,8948,180578
2008-08-21,7882,17774,8948,8561,8826,190471
2008-08-22,7251,16350,8764,8073,8744,290936
2008-08-25,7251,16350,8419,8175,8337,102939
2008-08-26,7341,16553,8337,8012,8093,68129
2008-08-27,7215,16269,8378,7910,8337,102009
2008-08-28,7287,16431,8256,8073,8154,4033086
2008-08-29,7684,17326,8744,8256,8256,291325
2008-09-01,7088,15984,8622,7931,8459,145070
2008-09-02,6998,15781,8256,6812,7829,205026
2008-09-03,6926,15618,7890,7361,7585,151502
2008-09-04,7034,15862,8114,7626,7748,164238
2008-09-05,6962,15699,7849,7585,7605,69007
2008-09-08,7287,16431,8378,7849,7849,123178
2008-09-09,7179,16187,8378,7910,8215,96981
2008-09-10,7323,16513,8256,7951,7951,91538
2008-09-11,7323,16513,8297,8073,8236,64938
2008-09-12,7611,17163,8663,8256,8378,141746
2008-09-16,6728,15170,8012,7524,7788,246971
2008-09-17,7034,15862,8175,7768,7890,264285
2008-09-18,6908,15577,7849,7321,7646,2
2008-09-19,7070,15943,8134,7910,8032,144519
2008-09-22,6673,15048,8032,7138,8012,715311
2008-09-23,6673,15048,7605,7260,7361,262701
2008-09-24,6673,15048,7646,7443,7443,161853
2008-09-25,6673,15048,7605,7443,7443,107910
2008-09-26,6673,15048,7646,7402,7646,177524
2008-09-29,6583,14845,7707,7280,7524,229492
2008-09-30,6619,14926,7483,6792,7036,138668
2008-10-01,6601,14886,7544,7300,7463,83520
2008-10-02,6601,14886,7483,7239,7443,82421
2008-10-06,6403,14438,7463,6995,7260,132767
2008-10-07,5952,13422,6995,6548,6955,248274
2008-10-08,5068,11429,6344,5714,6202,725718
2008-10-09,4906,11063,5734,4860,5328,714910
2008-10-10,4491,10127,5287,4718,5023,559885
2008-10-13,4707,10615,5409,5023,5023,449671
2008-10-14,5194,11713,5897,5633,5633,541935
2008-10-15,4996,11266,5897,5612,5877,192345
2008-10-16,4545,10249,5897,5002,5206,309089
2008-10-17,4689,10574,5490,4697,5389,242545
2008-10-20,4635,10452,5592,4982,5328,235076
2008-10-21,4761,10737,5653,5307,5368,197358
2008-10-22,4581,10330,5612,4758,5246,132526
2008-10-23,3896,8785,4921,4392,4860,212823
2008-10-24,3318,7483,4270,3741,4168,486910
2008-10-27,2821,6361,3782,3180,3335,288859
2008-10-28,3272,7378,3689,2814,2826,215488
2008-10-29,3355,7565,4189,3632,4067,254942
2008-10-30,3842,8663,4331,3985,3985,222630
2008-10-31,4004,9029,4860,4107,4474,282302
2008-11-03,4184,9436,4921,4636,4718,322156
2008-11-04,4058,9151,4657,4433,4636,163967
2008-11-05,4058,9151,4962,4453,4758,410891
2008-11-06,3535,7971,4331,3961,4331,234978
2008-11-07,3643,8215,4372,3660,3664,161277
2008-11-10,3842,8663,4535,4107,4392,265455
2008-11-11,3914,8826,4433,4148,4311,86077
2008-11-12,3733,8419,4331,4168,4168,99823
2008-11-13,3340,7532,3945,3737,3924,164048
2008-11-14,3405,7679,4063,3811,3904,94928
2008-11-17,3318,7483,3859,3628,3741,396823
2008-11-18,2958,6670,3615,3331,3522,235735
2008-11-19,2777,6263,3416,3046,3363,284222
2008-11-20,2362,5328,2989,2664,2908,435947
2008-11-21,2662,6003,3001,2440,2440,578485
2008-11-24,2521,5686,2969,2782,2863,274909
2008-11-25,2554,5759,3070,2806,3009,332360
2008-11-26,2550,5751,2948,2855,2891,150695
2008-11-27,2705,6100,3152,2916,3013,336419
2008-11-28,2633,5938,3131,2969,3131,268206
2008-12-01,2770,6247,3294,2936,2981,424030
2008-12-02,2583,5824,3054,2895,2981,231459
2008-12-03,2525,5694,3009,2847,2985,179602
2008-12-04,2528,5702,2989,2851,2989,133372
2008-12-05,2604,5873,2977,2908,2952,154182
2008-12-08,2821,6361,3335,3013,3099,382838
2008-12-09,2987,6735,3477,3131,3253,492027
2008-12-10,3012,6792,3457,3290,3371,244178
2008-12-11,3012,6792,3436,3327,3436,224986
2008-12-12,2911,6564,3436,3213,3339,233793
2008-12-15,3098,6987,3579,3318,3367,257125
2008-12-16,3077,6938,3660,3465,3497,163611
2008-12-17,3030,6833,3656,3375,3558,184563
2008-12-18,2950,6654,3465,3318,3416,110880
2008-12-19,2846,6418,3322,3156,3286,303987
2008-12-22,2882,6499,3253,3152,3176,135607
2008-12-23,3005,6776,3457,3205,3253,371241
2008-12-24,3012,6792,3469,3351,3449,303077
2008-12-26,2972,6702,3440,3351,3416,158440
2008-12-29,2937,6426,3351,3180,3351,146634
2008-12-30,2974,6507,3355,3217,3217,108549
2009-01-02,3086,6751,3424,3257,3257,173755
2009-01-05,3019,6605,3444,3302,3444,155145
2009-01-06,3078,6735,3562,3306,3306,207721
2009-01-07,3372,7378,3774,3383,3396,480601
2009-01-08,3718,8134,4189,3542,3595,572619
2009-01-09,3714,8126,4148,3928,4148,279474
2009-01-12,3532,7727,4026,3827,3969,163770
2009-01-13,3510,7679,3928,3762,3928,114671
2009-01-14,3588,7849,4055,3863,3896,286002
2009-01-15,3197,6995,3782,3465,3766,239275
2009-01-16,3272,7158,3607,3457,3575,108458
2009-01-19,3357,7345,3839,3603,3603,132349
2009-01-20,3458,7565,3843,3579,3660,146889
2009-01-21,3495,7646,3876,3583,3648,260567
2009-01-22,3774,8256,4392,3867,3928,1247008
2009-01-23,3606,7890,4063,3888,4063,278783
2009-01-28,3513,7687,4107,3750,3961,325426
2009-01-29,3513,7687,3880,3741,3851,140782
2009-01-30,3487,7630,3880,3754,3835,165381
2009-02-02,3402,7443,3806,3693,3786,262859
2009-02-03,3402,7443,3766,3668,3680,162590
2009-02-04,3584,7841,4046,3766,3823,450768
2009-02-05,3640,7963,4030,3847,3924,237456
2009-02-06,3644,7971,4229,3937,4148,456821
2009-02-09,3625,7931,4026,3908,3985,184502
2009-02-10,3792,8297,4189,3937,3937,431689
2009-02-11,3774,8256,4168,4018,4038,271720
2009-02-12,4164,9110,4758,4270,4270,1588017
2009-02-13,4164,9110,4738,4413,4657,880416
2009-02-16,4108,8988,4779,4392,4636,1104601
2009-02-17,4053,8866,4880,4392,4697,3460440
2009-02-18,3848,8419,4474,4107,4392,1021759
2009-02-19,3960,8663,4474,4168,4270,1132590
2009-02-20,3606,7890,4311,3863,4250,716703
2009-02-23,3606,7890,4042,3680,3904,691147
2009-02-24,3365,7361,3839,3579,3705,650120
2009-02-25,3346,7321,3859,3660,3843,395331
2009-02-26,3294,7207,3863,3416,3680,421990
2009-02-27,3305,7231,3640,3489,3599,196288
2009-03-02,2974,6507,3595,3253,3489,295672
2009-03-03,3008,6580,3290,2981,3091,433693
2009-03-04,3253,7117,3607,3229,3294,291200
2009-03-05,3302,7223,3680,3558,3660,181111
2009-03-06,3450,7548,3774,3481,3501,144743
2009-03-09,3755,8215,4128,3623,3680,1270950
2009-03-10,3718,8134,4107,3928,4026,523809
2009-03-11,3685,8061,4189,3990,4168,410532
2009-03-12,3450,7548,4030,3774,3998,291699
2009-03-13,3402,7443,3863,3652,3863,291620
2009-03-16,3532,7727,3876,3648,3762,281018
2009-03-17,3417,7475,3985,3664,3916,704663
2009-03-18,3521,7703,3863,3741,3782,327880
2009-03-19,3439,7524,3904,3762,3843,350163
2009-03-20,3644,7971,3985,3741,3819,261039
2009-03-23,3688,8069,4055,3965,3965,83668
2009-03-24,3923,8581,4453,4209,4453,477653
2009-03-25,4499,9842,4921,4168,4250,2223314
2009-03-26,4759,10412,5267,4840,4901,1868288
2009-03-27,4685,10249,5267,4941,5165,1308248
2009-03-30,4573,10005,5409,4921,5124,1669809
2009-03-31,4592,10046,5287,4962,5084,1158681
2009-04-01,4871,10656,5490,5084,5104,1996703
2009-04-02,5596,12242,6121,5470,5490,2110858
2009-04-03,5317,11632,6365,5775,6324,1689763
2009-04-06,5131,11225,6039,5612,5856,1408551
2009-04-07,5614,12283,6405,5592,5734,2165408
2009-04-08,5577,12201,6263,5694,6019,1299227
2009-04-09,5670,12405,6527,6060,6263,1368898
2009-04-10,5633,12323,6446,6080,6344,923197
2009-04-13,5949,13015,6812,6121,6304,1597220
2009-04-14,6284,13747,7158,6487,6711,1586220
2009-04-15,6358,13910,7077,6426,6731,1013043
2009-04-16,6377,13950,7544,6914,7321,1380431
2009-04-17,6023,13177,7199,6507,7077,828667
2009-04-20,6154,13462,6772,6263,6588,517899
2009-04-21,6321,13828,7056,6426,6446,564616
2009-04-22,6451,14113,7077,6711,7036,667783
2009-04-23,7418,16228,8114,6975,7117,1965896
2009-04-24,8106,17733,9212,8317,8520,2207475
2009-04-27,8180,17896,9680,8703,8948,1389978
2009-04-28,8348,18262,9395,8622,9334,1056984
2009-04-29,8552,18709,9720,8988,9639,1147691
2009-04-30,8478,18546,10290,9070,9273,1894760
2009-05-04,8292,18140,9517,8785,9354,705017
2009-05-06,8905,19482,9883,8907,8948,1123512
2009-05-07,9110,19929,10147,9659,9741,694934
2009-05-08,8794,19238,10005,9354,10005,828797
2009-05-11,8403,18384,9741,9192,9741,455417
2009-05-12,8329,18221,9476,8948,9049,445944
2009-05-13,9035,19766,9964,9110,9192,652274
2009-05-14,9073,19848,9985,9436,9680,492100
2009-05-15,9147,20011,10290,9680,10168,532336
2009-05-18,9221,20173,10107,9598,10005,287335
2009-05-19,9723,21271,10737,10107,10452,1216063
2009-05-20,10039,21963,10981,10513,10819,814800
2009-05-21,9333,20417,11246,9761,10859,979352
2009-05-22,8664,18953,10188,9476,9964,1139088
2009-05-25,8980,19644,9964,8866,9334,1158570
2009-05-26,8998,19685,10330,9720,10025,867904
2009-05-27,9110,19929,10493,9802,10046,972121
2009-05-28,8552,18709,10147,9212,9883,734319
2009-05-29,8645,18912,9598,9253,9497,308447
2009-06-01,9184,20092,10046,9314,9354,589603
2009-06-02,9296,20336,10717,10168,10412,820354
2009-06-03,9816,21475,10737,10188,10371,941720
2009-06-04,9296,20336,11103,10168,10859,834644
2009-06-05,9370,20499,10778,9761,10371,663997
2009-06-08,9556,20905,10635,10168,10452,361527
2009-06-09,9370,20499,10656,10229,10513,261627
2009-06-10,9668,21149,10615,10168,10249,665450
2009-06-11,9798,21434,11083,10615,10696,1334850
2009-06-12,9017,19726,10737,9375,10635,1817713
2009-06-15,9073,19848,10046,9741,9903,345344
2009-06-16,8924,19522,9883,9700,9781,226281
2009-06-17,8403,18384,9761,9029,9700,740084
2009-06-18,8366,18302,9436,9090,9171,282400
2009-06-19,8217,17977,9273,8541,9273,454181
2009-06-22,8385,18343,9171,8764,8907,237276
2009-06-23,7808,17082,9070,8419,9070,404804
2009-06-24,7474,16350,8785,7809,8541,537571
2009-06-25,7548,16513,8480,8154,8175,237065
2009-06-26,7808,17082,8744,8337,8358,291254
2009-06-29,7120,15577,8663,7605,8581,308948
2009-06-30,6990,15292,8032,7483,7931,445949
2009-07-01,7027,15374,7829,7524,7524,205862
2009-07-02,7120,15577,7992,7788,7788,240256
2009-07-03,7288,15943,7971,7544,7605,171690
2009-07-06,7734,16919,8480,7951,8012,313831
2009-07-07,7511,16431,8459,8215,8459,216412
2009-07-08,7325,16025,8256,7727,8195,175215
2009-07-09,7139,15618,8073,7748,8012,188674
2009-07-10,6321,13828,7910,6914,7809,806637
2009-07-13,6098,13340,6995,6650,6792,365910
2009-07-14,6433,14072,7036,6650,6751,345152
2009-07-15,6693,14642,7544,7056,7056,565075
2009-07-16,6358,13910,7422,6934,7422,357971
2009-07-17,6525,14276,7219,6833,7056,216998
2009-07-20,6637,14520,7422,7138,7138,344176
2009-07-21,6377,13950,7483,6934,7280,497445
2009-07-22,6693,14642,7321,6772,7036,334179
2009-07-23,6637,14520,7402,7097,7382,235627
2009-07-24,6618,14479,7483,7097,7280,195689
2009-07-27,6600,14438,7443,7138,7239,239010
2009-07-28,6804,14886,7443,7097,7219,399727
2009-07-29,7585,16594,8500,7504,7544,1473680
2009-07-30,7306,15984,8134,7809,8032,524904
2009-07-31,7139,15618,8114,7768,8032,350576
2009-08-03,7288,15943,8032,7605,7849,395512
2009-08-04,6953,15211,8053,7605,7931,307063
2009-08-05,6749,14764,7748,7382,7646,303441
2009-08-06,6804,14886,7646,7300,7443,306947
2009-08-07,6897,15089,7585,7402,7402,253636
2009-08-10,6879,15048,7646,7443,7626,210485
2009-08-11,7065,15455,7890,7443,7483,371494
2009-08-12,7027,15374,7809,7585,7727,221010
2009-08-13,7065,15455,7971,7666,7727,595041
2009-08-14,6061,13259,7809,6629,7809,3303421
2009-08-17,5745,12567,6711,6100,6670,1590712
2009-08-18,5745,12567,6466,6141,6141,517712
2009-08-19,5577,12201,6426,6100,6365,378056
2009-08-20,5633,12323,6385,6060,6182,299055
2009-08-21,5503,12039,6243,5714,6202,738572
2009-08-24,5429,11876,6100,5856,6060,434740
2009-08-25,5689,12445,6283,5856,5877,485484
2009-08-26,5838,12771,6385,6141,6222,278697
2009-08-27,5689,12445,6365,6060,6324,346952
2009-08-28,5689,12445,6304,6121,6304,127412
2009-08-31,5707,12486,6324,6060,6182,398355
2009-09-01,5577,12201,6222,5999,6161,181384
2009-09-02,5373,11754,5978,5795,5958,281119
2009-09-03,5205,11388,5856,5592,5795,330171
2009-09-04,5280,11551,5897,5673,5694,151912
2009-09-07,5131,11225,5856,5612,5856,196930
2009-09-08,5150,11266,5877,5490,5592,309974
2009-09-09,5168,11307,5755,5429,5755,172046
2009-09-10,5596,12242,6182,5592,5653,399183
2009-09-11,5670,12405,6507,6141,6304,697360
2009-09-14,5614,12283,6222,5999,6222,211429
2009-09-15,5745,12567,6385,6100,6202,336955
2009-09-16,5652,12364,6405,6100,6222,344724
2009-09-17,5559,12161,6263,6080,6243,224843
2009-09-18,5521,12079,6182,5999,5999,173153
2009-09-21,5373,11754,6141,5816,6141,240067
2009-09-22,5410,11835,6019,5816,5816,196564
2009-09-23,5261,11510,5999,5694,5999,156109
2009-09-24,5187,11347,5816,5612,5775,171272
2009-09-25,5094,11144,5612,5429,5551,276735
2009-09-28,4834,10574,5511,5287,5470,227076
2009-09-29,4908,10737,5470,5206,5307,230914
2009-09-30,4889,10696,5511,5287,5287,147703
2009-10-01,4889,10696,5429,5043,5307,146117
2009-10-05,4778,10452,5389,5226,5226,101980
2009-10-06,4815,10534,5429,5206,5307,84275
2009-10-07,5521,12079,6039,5267,5307,443446
2009-10-08,5484,11998,6263,5755,6243,514422
2009-10-09,5410,11835,6060,5856,6060,266173
2009-10-12,5484,11998,6060,5795,5917,283388
2009-10-13,5521,12079,6365,5978,6141,549994
2009-10-14,5410,11835,6080,5816,6019,174330
2009-10-15,5466,11957,6100,5856,5978,159305
2009-10-16,5429,11876,6060,5917,5958,169120
2009-10-19,5373,11754,5917,5734,5877,101099
2009-10-20,5466,11957,6243,5917,5917,393487
2009-10-21,5354,11713,6100,5856,5938,122534
2009-10-22,5261,11510,5917,5755,5816,136339
2009-10-23,5280,11551,5938,5755,5775,104116
2009-10-26,5317,11632,5897,5734,5734,87159
2009-10-27,5057,11063,5816,5470,5816,235538
2009-10-28,4703,10290,5572,5104,5531,351259
2009-10-29,4425,9680,5104,4718,5002,358493
2009-10-30,4499,9842,5023,4819,4921,232517
2009-11-02,4239,9273,4718,4433,4616,297489
2009-11-03,4090,8948,4697,4453,4636,234306
2009-11-04,4090,8948,4575,4433,4453,350925
2009-11-05,4053,8866,4555,4433,4535,229355
2009-11-06,4090,8948,4555,4392,4474,260641
2009-11-09,4127,9029,4616,4474,4494,156419
2009-11-10,3960,8663,4636,4331,4555,483478
2009-11-11,3811,8337,4413,4128,4351,431475
2009-11-12,3811,8337,4250,4128,4189,258069
2009-11-13,3867,8459,4250,4107,4148,170819
2009-11-16,4071,8907,4474,4229,4290,540818
2009-11-17,3978,8703,4474,4270,4474,269423
2009-11-18,3885,8500,4372,4209,4311,278439
2009-11-19,3848,8419,4311,4148,4229,349142
2009-11-20,4090,8948,4575,4209,4209,982064
2009-11-23,4034,8826,4514,4351,4413,348181
2009-11-24,4239,9273,4779,4392,4392,1189852
2009-11-25,4871,10656,5328,4657,4657,1473483
2009-11-26,4908,10737,5816,5124,5490,2558324
2009-11-27,4834,10574,5612,5206,5368,2054174
2009-11-30,5001,10940,5755,5389,5450,1302288
2009-12-01,5187,11347,5755,5368,5592,1229918
2009-12-02,4871,10656,5714,5307,5673,938694
2009-12-03,5057,11063,5531,5145,5368,845105
2009-12-04,5001,10940,5592,5368,5551,656980
2009-12-07,4945,10818,5633,5348,5531,723196
2009-12-08,5131,11225,5633,5328,5348,635245
2009-12-09,5205,11388,5836,5450,5531,1030927
2009-12-10,5521,12079,6100,5633,5673,1760916
2009-12-11,5521,12079,6100,5897,6080,710204
2009-12-14,5466,11957,6182,5816,6100,834941
2009-12-15,5466,11957,6243,5958,6019,722303
2009-12-16,5429,11876,6080,5714,5978,624166
2009-12-17,5280,11551,6019,5775,5958,398079
2009-12-18,5298,11591,5877,5612,5612,337179
2009-12-21,5112,11185,5795,5572,5755,519359
2009-12-22,5205,11388,5694,5389,5653,606919
2009-12-23,5075,11103,5856,5450,5673,413524
2009-12-24,4964,10859,5653,5429,5572,326164
2009-12-28,4945,10818,5592,5328,5348,327484
2009-12-29,5019,10778,5490,5348,5490,190469
2009-12-30,5379,11551,5775,5287,5348,443574
2010-01-04,5398,11591,5816,5592,5755,236377
2010-01-05,5266,11307,5877,5653,5877,246192
2010-01-06,5607,12039,6039,5714,5714,639496
2010-01-07,5682,12201,6385,5999,6080,889567
2010-01-08,5701,12242,6222,5917,6100,317155
2010-01-11,5607,12039,6222,6019,6121,422912
2010-01-12,5588,11998,6060,5836,6039,288746
2010-01-13,5322,11429,5999,5714,5938,271808
2010-01-14,5512,11835,5958,5653,5734,381373
2010-01-15,5531,11876,6100,5836,5917,328596
2010-01-18,5777,12405,6304,5816,5938,876003
2010-01-19,5758,12364,6365,5999,6222,794438
2010-01-20,6270,13462,6731,6283,6324,3491729
2010-01-21,6421,13788,7097,6772,6833,3481646
2010-01-22,6175,13259,6894,6446,6711,1501903
2010-01-25,5739,12323,6487,5714,6466,1610364
2010-01-26,5152,11063,6141,5531,6100,1280020
2010-01-27,5057,10859,5673,5409,5653,862537
2010-01-28,5171,11103,5653,5328,5450,663822
2010-01-29,4735,10168,5511,5002,5490,910724
2010-02-01,4887,10493,5287,5023,5104,403633
2010-02-02,4830,10371,5429,5165,5348,483397
2010-02-03,4830,10371,5307,5165,5267,334875
2010-02-04,4754,10208,5206,5063,5206,299409
2010-02-05,4527,9720,4901,4677,4718,487953
2010-02-08,4281,9192,4921,4596,4921,396663
2010-02-09,4356,9354,4677,4474,4514,430583
2010-02-10,4129,8866,4718,4413,4677,1099575
2010-02-11,4281,9192,4636,4474,4494,546151
2010-02-12,4318,9273,4697,4514,4677,565179
2010-02-16,4356,9354,4677,4433,4494,521198
2010-02-17,4375,9395,4819,4677,4819,399309
2010-02-18,4281,9192,4758,4575,4738,379123
2010-02-19,4318,9273,4677,4494,4616,437656
2010-02-22,4413,9476,4860,4677,4718,395621
2010-02-23,4432,9517,4840,4677,4718,353585
2010-02-24,4394,9436,4799,4718,4718,142970
2010-02-25,4224,9070,4799,4514,4799,393361
2010-02-26,4186,8988,4596,4474,4535,214984
2010-03-02,4318,9273,4657,4433,4433,339195
2010-03-03,4281,9192,4636,4555,4636,135076
2010-03-04,4243,9110,4616,4514,4555,218871
2010-03-05,4281,9192,4636,4555,4636,180219
2010-03-08,4489,9639,4860,4657,4657,553077
2010-03-09,4451,9558,4860,4758,4840,224769
2010-03-10,4413,9476,4819,4718,4819,175587
2010-03-11,4356,9354,4840,4677,4758,276416
2010-03-12,4318,9273,4718,4616,4697,303616
2010-03-15,4262,9151,4657,4514,4616,366306
2010-03-16,4281,9192,4616,4535,4555,253022
2010-03-17,4243,9110,4677,4514,4636,525486
2010-03-18,4262,9151,4657,4535,4555,580430
2010-03-19,4394,9436,4718,4616,4636,456996
2010-03-22,4622,9924,5002,4718,4718,1366168
2010-03-23,4565,9802,5043,4840,5023,492226
2010-03-24,4622,9924,5002,4860,4962,391564
2010-03-25,4640,9964,5043,4901,4962,380525
2010-03-26,4546,9761,5002,4840,4982,296491
2010-03-29,4735,10168,5104,4738,4758,859235
2010-03-30,4773,10249,5185,5043,5084,612864
2010-03-31,4697,10086,5124,5002,5124,205759
2010-04-01,4678,10046,5145,5002,5002,180873
2010-04-02,4565,9802,5084,4819,5084,393900
2010-04-05,4299,9232,4941,4229,4901,450011
2010-04-06,4281,9192,4738,4555,4575,209649
2010-04-07,4356,9354,4738,4616,4657,163286
2010-04-08,4318,9273,4718,4575,4677,133254
2010-04-09,4356,9354,4738,4636,4636,132873
2010-04-12,4375,9395,4738,4677,4677,115492
2010-04-13,4356,9354,4738,4596,4738,134542
2010-04-14,4318,9273,4697,4596,4677,224777
2010-04-15,4394,9436,4799,4657,4697,192979
2010-04-16,4356,9354,4819,4657,4738,256965
2010-04-19,4243,9110,4636,4555,4616,217310
2010-04-20,4299,9232,4657,4575,4575,225893
2010-04-21,4281,9192,4636,4575,4596,220007
2010-04-22,4205,9029,4636,4494,4596,235101
2010-04-23,4167,8948,4535,4413,4494,286803
2010-04-26,4148,8907,4535,4392,4392,203898
2010-04-27,4243,9110,4555,4433,4433,136947
2010-04-28,4129,8866,4494,4413,4433,152706
2010-04-29,4110,8826,4474,4372,4453,169211
2010-04-30,4262,9151,4677,4433,4433,284650
2010-05-03,4110,8826,4575,4392,4514,184789
2010-05-04,4129,8866,4494,4351,4453,185311
2010-05-06,3864,8297,4290,4063,4107,580142
2010-05-07,3644,7825,3985,3863,3985,489384
2010-05-10,3750,8053,4055,3949,3953,188900
2010-05-11,3762,8077,4189,4038,4067,222680
2010-05-12,3663,7866,4128,3916,4038,160451
2010-05-13,3750,8053,4107,3945,3957,190496
2010-05-14,3788,8134,4128,3957,4026,151991
2010-05-17,3716,7980,4067,3985,4067,129212
2010-05-18,3636,7809,4018,3904,3990,213037
2010-05-19,3549,7622,3839,3729,3819,195856
2010-05-20,3417,7337,3859,3652,3762,172781
2010-05-24,3368,7231,3644,3469,3538,167485
2010-05-25,3163,6792,3579,3371,3579,351537
2010-05-26,3208,6889,3501,3396,3396,134589
2010-05-27,3284,7052,3558,3371,3392,136848
2010-05-28,3364,7223,3680,3542,3546,146953
2010-05-31,3587,7703,3937,3591,3591,173944
2010-06-01,3599,7727,4006,3750,4006,210165
2010-06-03,3633,7801,3961,3847,3961,103416
2010-06-04,3599,7727,3928,3831,3928,63743
2010-06-07,3485,7483,3863,3684,3802,74672
2010-06-08,3553,7630,3815,3709,3709,67446
2010-06-09,3496,7508,3855,3741,3855,44133
2010-06-10,3534,7589,3819,3754,3754,68080
2010-06-11,3712,7971,4067,3815,3819,272742
2010-06-14,3648,7833,4026,3908,4026,103032
2010-06-15,3655,7849,3973,3916,3957,37839
2010-06-16,3667,7874,3998,3928,3953,96576
2010-06-17,3690,7923,4018,3933,3937,95127
2010-06-18,3693,7931,3994,3924,3985,52713
2010-06-21,3807,8175,4107,3953,3965,194432
2010-06-22,3864,8297,4209,4010,4067,172523
2010-06-23,3959,8500,4290,4087,4168,150177
2010-06-24,3977,8541,4351,4189,4189,112753
2010-06-25,4053,8703,4351,4168,4189,140765
2010-06-28,3977,8541,4392,4250,4351,150346
2010-06-29,3921,8419,4331,4128,4250,128218
2010-06-30,3996,8581,4290,4087,4107,88683
2010-07-01,4129,8866,4474,4189,4209,223638
2010-07-02,4034,8663,4453,4331,4372,126783
2010-07-05,3940,8459,4351,4209,4311,49763
2010-07-06,3807,8175,4189,4087,4168,84553
2010-07-07,3769,8093,4148,4046,4128,95132
2010-07-08,3788,8134,4128,3985,4128,136558
2010-07-09,3708,7963,4087,3961,4087,147762
2010-07-12,3618,7768,3981,3876,3981,230518
2010-07-13,3610,7752,3953,3876,3876,186614
2010-07-14,3599,7727,3961,3859,3933,231781
2010-07-15,3674,7890,4002,3872,3872,151748
2010-07-16,3618,7768,3998,3863,3998,113762
2010-07-19,3565,7654,3888,3802,3802,106066
2010-07-20,3504,7524,3859,3762,3859,215264
2010-07-21,3519,7557,3802,3758,3782,88388
2010-07-22,3413,7329,3798,3664,3798,126057
2010-07-23,3417,7337,3741,3660,3709,95863
2010-07-26,3386,7272,3774,3619,3672,204245
2010-07-27,3349,7190,3664,3587,3660,172314
2010-07-28,3303,7093,3603,3497,3587,191733
2010-07-29,3371,7239,3628,3538,3538,117548
2010-07-30,3439,7386,3693,3603,3619,132152
2010-08-02,3368,7231,3721,3611,3684,95147
2010-08-03,3341,7174,3619,3518,3591,162689
2010-08-04,3368,7231,3623,3534,3587,89593
2010-08-05,3337,7166,3615,3558,3615,60534
2010-08-06,3390,7280,3640,3546,3583,56731
2010-08-09,3504,7524,3831,3628,3640,202123
2010-08-10,3333,7158,3737,3579,3737,305961
2010-08-11,3352,7199,3660,3558,3591,143425
2010-08-12,3261,7003,3599,3497,3599,142515
2010-08-13,3288,7060,3562,3501,3501,56313
2010-08-16,3246,6971,3591,3428,3506,110853
2010-08-17,3261,7003,3518,3461,3461,99403
2010-08-18,3273,7028,3567,3497,3506,43321
2010-08-19,3224,6922,3554,3440,3514,151824
2010-08-20,3205,6881,3485,3408,3485,109599
2010-08-23,3205,6881,3510,3436,3457,61260
2010-08-24,3178,6824,3457,3379,3432,128405
2010-08-25,3076,6605,3424,3270,3396,165934
2010-08-26,2943,6320,3327,3135,3302,149215
2010-08-27,2917,6263,3184,3074,3123,147147
2010-08-30,2924,6279,3209,3070,3209,169529
2010-08-31,2852,6125,3131,3038,3074,155583
2010-09-01,2852,6125,3152,3058,3066,132772
2010-09-02,2928,6288,3160,3078,3091,194258
2010-09-03,2939,6312,3200,3135,3148,162418
2010-09-06,2955,6344,3192,3144,3160,107632
2010-09-07,2939,6312,3180,3123,3152,74086
2010-09-08,2898,6222,3148,3066,3078,115070
2010-09-09,2909,6247,3160,3099,3111,89170
2010-09-10,3125,6711,3375,3131,3131,433469
2010-09-13,3140,6743,3388,3302,3355,180334
2010-09-14,3201,6873,3575,3339,3343,302413
2010-09-15,3239,6955,3518,3420,3436,151821
2010-09-16,3121,6702,3514,3339,3514,199069
2010-09-17,3163,6792,3408,3335,3404,107787
2010-09-20,3220,6914,3575,3355,3396,91167
2010-09-24,3174,6816,3489,3359,3489,70194
2010-09-27,3140,6743,3440,3355,3416,103733
2010-09-28,3155,6776,3392,3339,3367,107271
2010-09-29,3129,6719,3412,3327,3367,69211
2010-09-30,3133,6727,3396,3335,3335,96910
2010-10-01,3239,6955,3477,3351,3396,229013
2010-10-04,3330,7150,3615,3514,3514,268821
2010-10-05,3299,7085,3579,3514,3554,98415
2010-10-06,3451,7410,3725,3546,3546,309986
2010-10-07,3712,7971,4148,3693,3741,899692
2010-10-08,4072,8744,4392,3945,4067,1007745
2010-10-11,4015,8622,4331,4168,4331,752818
2010-10-12,4053,8703,4413,4209,4413,495614
2010-10-13,4659,10005,5002,4860,4880,3734041
2010-10-14,4565,9802,5084,4758,5084,4192283
2010-10-15,4830,10371,5206,4819,4901,2097175
2010-10-18,5133,11022,5938,5511,5612,4289736
2010-10-19,5000,10737,5653,5206,5368,1777234
2010-10-20,4868,10452,5551,5206,5328,1323550
2010-10-21,4716,10127,5287,5002,5287,1488213
2010-10-22,5417,11632,5816,5084,5124,3001814
2010-10-25,5247,11266,5897,5612,5816,3155143
2010-10-26,5209,11185,5755,5531,5673,1088054
2010-10-27,5209,11185,5816,5572,5612,1253240
2010-10-28,5171,11103,5897,5490,5694,1416192
2010-10-29,4830,10371,5633,5084,5612,1657275
2010-11-01,4887,10493,5246,4982,5206,1191243
2010-11-02,4716,10127,5246,5063,5226,714908
2010-11-03,4887,10493,5429,5084,5084,1256628
2010-11-04,4243,9110,5409,4494,5348,2347512
2010-11-05,4318,9273,4840,4453,4636,1480685
2010-11-08,4205,9029,4697,4474,4596,585202
2010-11-09,4318,9273,4860,4596,4677,782262
2010-11-10,4224,9070,4657,4494,4575,535274
2010-11-11,4167,8948,4677,4474,4575,634884
2010-11-12,3940,8459,4535,4128,4514,1132123
2010-11-15,3788,8134,4229,3994,4189,697156
2010-11-16,3678,7898,4128,3872,4087,532508
2010-11-17,3667,7874,4038,3839,3863,412251
2010-11-18,3780,8118,4189,3949,3949,568313
2010-11-19,3780,8118,4189,3994,4107,460679
2010-11-22,3921,8419,4290,4063,4128,655504
2010-11-23,3780,8118,4250,4026,4209,415292
2010-11-24,3633,7801,3924,3701,3741,628295
2010-11-25,3572,7670,3973,3831,3973,264358
2010-11-26,3352,7199,3835,3538,3798,739155
2010-11-29,3455,7418,3754,3579,3579,324290
2010-11-30,3428,7361,3737,3623,3680,262790
2010-12-01,3496,7508,3802,3660,3697,144443
2010-12-02,3534,7589,3823,3733,3782,234963
2010-12-03,3493,7500,3851,3717,3815,181310
2010-12-06,3405,7312,3811,3656,3750,219916
2010-12-07,3409,7321,3741,3640,3689,181028
2010-12-08,3413,7329,3680,3619,3619,144868
2010-12-09,3583,7695,3847,3664,3689,318018
2010-12-10,3572,7670,3851,3774,3823,147902
2010-12-13,3655,7849,3990,3794,3811,431866
2010-12-14,3743,8036,4046,3904,3908,418919
2010-12-15,3708,7963,4055,3945,4055,236458
2010-12-16,3655,7849,3977,3880,3977,135427
2010-12-17,4129,8866,4474,3904,3945,1918088
2010-12-20,4167,8948,4474,4189,4311,989543
2010-12-21,4451,9558,4819,4555,4596,1142304
2010-12-22,4773,10249,5450,4596,4758,3779833
2010-12-23,4811,10330,5287,5023,5124,1188888
2010-12-24,4622,9924,5287,4941,5206,869711
2010-12-27,4281,9192,5043,4575,4840,962796
2010-12-28,4337,9314,4779,4535,4657,784736
2010-12-29,4820,10127,5226,4697,4697,1578005
2010-12-30,4800,10086,5145,4819,5145,760461
2011-01-03,4897,10290,5145,4941,5023,650690
2011-01-04,4820,10127,5124,4921,4962,563743
2011-01-05,4897,10290,5206,4901,5002,1285923
2011-01-06,4723,9924,5246,4962,5145,778891
2011-01-07,4568,9598,5002,4779,5002,670895
2011-01-10,4607,9680,4962,4799,4799,415425
2011-01-11,4646,9761,5063,4819,4921,379639
2011-01-12,4626,9720,4921,4779,4860,426575
2011-01-13,4587,9639,4921,4657,4860,513717
2011-01-14,4510,9476,4921,4718,4819,577317
2011-01-17,4374,9192,4819,4555,4779,561328
2011-01-18,4181,8785,4636,4311,4636,725121
2011-01-19,4220,8866,4596,4311,4413,500538
2011-01-20,4491,9436,4738,4453,4474,584275
2011-01-21,4316,9070,4738,4514,4596,325699
2011-01-24,4374,9192,4596,4413,4514,260105
2011-01-25,4607,9680,4962,4657,4677,1285685
2011-01-26,4491,9436,4962,4657,4921,509800
2011-01-27,4800,10086,5409,4677,4677,2909787
2011-01-28,4704,9883,5246,4860,5246,1055924
2011-01-31,4820,10127,5124,4779,4799,646877
2011-02-01,4955,10412,5267,5043,5084,634281
2011-02-07,4839,10168,5287,5043,5267,514533
2011-02-08,4917,10330,5328,5043,5124,753201
2011-02-09,4839,10168,5206,5063,5185,494662
2011-02-10,4897,10290,5145,4962,5043,636113
2011-02-11,5226,5490,5962,4929,5222,697692
2011-02-14,5536,5816,5897,5637,5653,519390
2011-02-15,5327,5596,5816,5547,5816,227459
2011-02-16,4955,5206,5604,5197,5490,297282
2011-02-17,4762,5002,5271,4905,5271,228414
2011-02-18,4994,5246,5263,4945,5010,126399
2011-02-21,4893,5141,5271,5084,5189,109645
2011-02-22,4839,5084,5084,4937,5010,69151
2011-02-23,4909,5157,5271,4970,5002,192946
2011-02-24,4909,5157,5360,5092,5092,143661
2011-02-25,5002,5254,5328,5051,5149,119196
2011-02-28,4986,5238,5360,5124,5328,137480
2011-03-02,4800,5043,5287,4962,5287,96539
2011-03-03,4723,4962,5100,4962,5002,119445
2011-03-04,4390,4612,4929,4539,4929,1050330
2011-03-07,4421,4644,4774,4628,4669,318669
2011-03-08,4475,4701,4734,4604,4709,248187
2011-03-09,4591,4823,5019,4693,4693,673366
2011-03-10,4452,4677,4897,4669,4766,304220
2011-03-11,4382,4604,4701,4522,4563,204104
2011-03-14,3894,4091,4596,4067,4596,657797
2011-03-15,3817,4010,4368,3851,4107,532330
2011-03-16,3832,4026,4156,3985,4010,244684
2011-03-17,3949,4148,4327,3945,4026,405169
2011-03-18,3941,4140,4278,4132,4148,154060
2011-03-21,4150,4360,4360,4148,4189,205739
2011-03-22,4150,4360,4400,4335,4343,220602
2011-03-23,4165,4376,4571,4335,4425,200951
2011-03-24,4150,4360,4490,4335,4400,133899
2011-03-25,4049,4254,4392,4246,4384,198447
2011-03-28,4181,4392,4392,4205,4303,191031
2011-03-29,4421,4644,4693,4441,4441,619017
2011-03-30,4483,4709,4734,4587,4644,259092
2011-03-31,4413,4636,4734,4555,4734,222992
2011-04-01,4452,4677,4718,4547,4636,306482
2011-04-04,4646,4880,5206,4652,4661,1083087
2011-04-05,4692,4929,5019,4807,4921,484113
2011-04-06,4661,4897,4970,4840,4929,320481
2011-04-07,4545,4774,4921,4709,4913,293184
2011-04-08,4599,4831,4962,4734,4774,364642
2011-04-11,5033,5287,5376,4848,4864,2074406
2011-04-12,4955,5206,5442,5165,5320,1143466
2011-04-13,5157,5417,5425,5173,5287,678844
2011-04-14,4978,5230,5401,5222,5336,543648
2011-04-15,5118,5376,5458,5238,5287,540145
2011-04-18,4886,5132,5385,4978,5376,837850
2011-04-19,4886,5132,5132,4921,5059,392695
2011-04-20,4746,4986,5173,4986,5157,358943
2011-04-21,4754,4994,5116,4962,5116,378785
2011-04-22,4576,4807,5035,4718,4994,484906
2011-04-25,4576,4807,4970,4783,4815,288747
2011-04-26,4491,4718,4848,4677,4840,352293
2011-04-27,4576,4807,4831,4701,4726,323758
2011-04-28,4553,4783,4897,4685,4897,217361
2011-04-29,4297,4514,4758,4514,4758,315027
2011-05-02,4390,4612,4661,4506,4514,194630
2011-05-03,4367,4587,4677,4514,4514,150832
2011-05-04,4313,4530,4636,4506,4604,106479
2011-05-06,4266,4482,4547,4343,4482,197272
2011-05-09,4165,4376,4498,4376,4433,189526
2011-05-11,4049,4254,4457,4229,4376,260500
2011-05-12,3995,4197,4343,4197,4213,148012
2011-05-13,4103,4311,4408,4173,4197,201539
2011-05-16,4026,4229,4311,4189,4303,127571
2011-05-17,3918,4116,4229,4026,4164,270616
2011-05-18,3949,4148,4303,4075,4075,130500
2011-05-19,3871,4067,4262,4063,4181,166801
2011-05-20,3848,4042,4132,4026,4063,122225
2011-05-23,3716,3904,4010,3839,3998,183244
2011-05-24,3740,3928,3941,3790,3790,82710
2011-05-25,3662,3847,4002,3847,3904,124545
2011-05-26,3720,3908,3945,3831,3831,109174
2011-05-27,3848,4042,4140,3928,3928,123236
2011-05-30,3794,3985,4107,3969,4083,72691
2011-05-31,3817,4010,4099,3937,3977,110978
2011-06-01,3786,3977,4091,3949,4059,106828
2011-06-02,3670,3855,3904,3843,3880,99147
2011-06-03,3697,3884,3928,3815,3815,84665
2011-06-07,3813,4006,4059,3904,4014,111404
2011-06-08,3740,3928,4026,3904,3961,83707
2011-06-09,3647,3831,3998,3798,3937,220922
2011-06-10,3732,3920,4075,3847,3912,146109
2011-06-13,3743,3933,4010,3847,3981,99022
2011-06-14,3685,3872,3961,3863,3880,69424
2011-06-15,3561,3741,3969,3717,3863,133014
2011-06-16,3430,3603,3717,3579,3660,157639
2011-06-17,3290,3457,3640,3424,3603,212694
2011-06-20,3368,3538,3632,3461,3465,219485
2011-06-21,3376,3546,3595,3534,3554,90208
2011-06-22,3465,3640,3701,3579,3579,102747
2011-06-23,3511,3689,3733,3579,3603,61982
2011-06-24,3616,3798,3798,3660,3660,102603
2011-06-27,3530,3709,3815,3709,3798,84158
2011-06-28,3573,3754,3806,3709,3709,46804
2011-06-29,3728,3916,3985,3758,3806,218703
2011-06-30,3740,3928,3977,3880,3908,77371
2011-07-01,3709,3896,3965,3892,3965,69993
2011-07-04,3786,3977,3985,3920,3920,64860
2011-07-05,3716,3904,3961,3859,3859,134185
2011-07-06,3771,3961,3961,3896,3904,67391
2011-07-07,3902,4099,4229,3949,3949,128689
2011-07-08,3817,4010,4140,3941,4116,156161
2011-07-11,3829,4022,4091,3928,4022,71829
2011-07-12,3771,3961,4262,3863,3920,427075
2011-07-13,3805,3998,4059,3977,4018,93138
2011-07-14,3832,4026,4059,3969,3998,95245
2011-07-15,4042,4246,4246,3977,4026,310555
2011-07-18,4011,4213,4360,4173,4254,225802
2011-07-19,4057,4262,4311,4213,4221,147949
2011-07-20,4011,4213,4311,4213,4311,132522
2011-07-21,3933,4132,4221,4083,4221,114302
2011-07-22,3925,4124,4238,4107,4238,72282
2011-07-25,3918,4116,4197,4091,4107,114733
2011-07-26,4080,4286,4303,4107,4107,185861
2011-07-27,4088,4295,4408,4254,4408,116540
2011-07-28,3972,4173,4262,4156,4238,153197
2011-07-29,3964,4164,4205,4132,4148,59810
2011-08-01,3987,4189,4213,4140,4173,144777
2011-08-02,3879,4075,4197,4051,4164,108426
2011-08-03,3592,3774,4042,3465,4042,247652
2011-08-04,3554,3733,3851,3701,3823,125999
2011-08-05,3290,3457,3571,3274,3274,217800
2011-08-08,2934,3083,3440,2940,3306,394471
2011-08-09,2733,2871,3001,2627,2810,534539
2011-08-10,3097,3253,3298,3026,3026,439268
2011-08-11,3252,3416,3542,3026,3026,345838
2011-08-12,3561,3741,3741,3506,3506,307380
2011-08-16,3778,3969,4014,3823,3823,267033
2011-08-17,3852,4046,4051,3811,3965,175738
2011-08-18,3716,3904,4059,3904,4038,239127
2011-08-19,3399,3571,3794,3546,3640,232223
2011-08-22,3627,3811,4099,3571,3603,1063315
2011-08-23,3592,3774,3896,3684,3847,325145
2011-08-24,3589,3770,3920,3745,3863,113935
2011-08-25,3581,3762,3961,3750,3957,102387
2011-08-26,3716,3904,3985,3668,3851,150570
2011-08-29,3794,3985,4107,3904,4042,224905
2011-08-30,3790,3981,4038,3880,4038,177706
2011-08-31,3798,3990,4018,3912,4018,108316
2011-09-01,3759,3949,4034,3945,3994,146363
2011-09-02,3771,3961,4014,3843,3949,147101
2011-09-05,3666,3851,3969,3847,3904,85059
2011-09-06,3662,3847,3859,3729,3733,121126
2011-09-07,3941,4140,4343,3823,3847,442785
2011-09-08,3871,4067,4229,4026,4221,153995
2011-09-09,3949,4148,4311,4034,4140,342932
2011-09-14,3817,4010,4278,4010,4229,237370
2011-09-15,3863,4059,4148,3985,4148,131342
2011-09-16,3902,4099,4140,4026,4124,113631
2011-09-19,3755,3945,4099,3916,4030,113867
2011-09-20,3631,3815,3892,3815,3867,149256
2011-09-21,3674,3859,3888,3798,3884,83028
2011-09-22,3678,3863,3880,3689,3762,130923
2011-09-23,3461,3636,3790,3636,3709,102932
2011-09-26,3058,3213,3660,3156,3640,220864
2011-09-27,3174,3335,3371,3213,3213,174268
2011-09-28,3337,3506,3611,3343,3465,176371
2011-09-29,3407,3579,3636,3400,3400,143548
2011-09-30,3438,3611,3668,3571,3615,63556
2011-10-04,3256,3420,3453,3343,3416,45953
2011-10-05,3136,3294,3514,3261,3379,80516
2011-10-06,3236,3400,3453,3367,3379,40962
2011-10-07,3252,3416,3489,3392,3424,72149
2011-10-10,3228,3392,3493,3375,3453,52561
2011-10-11,3244,3408,3485,3383,3485,74240
2011-10-12,3228,3392,3465,3367,3408,45791
2011-10-13,3294,3461,3473,3396,3396,77841
2011-10-14,3271,3436,3481,3383,3469,32711
2011-10-17,3379,3550,3562,3444,3461,89636
2011-10-18,3290,3457,3530,3449,3489,68486
2011-10-19,3267,3432,3506,3432,3473,73920
2011-10-20,3228,3392,3497,3351,3440,65819
2011-10-21,3213,3375,3436,3310,3436,78707
2011-10-24,3252,3416,3465,3388,3388,83090
2011-10-25,3279,3444,3497,3408,3493,94063
2011-10-26,3228,3392,3416,3375,3375,68352
2011-10-27,3294,3461,3465,3392,3392,110853
2011-10-28,3329,3497,3619,3497,3579,152266
2011-10-31,3341,3510,3579,3501,3510,63571
2011-11-01,3341,3510,3538,3457,3506,50451
2011-11-02,3244,3408,3444,3375,3404,69248
2011-11-03,3213,3375,3481,3375,3481,56893
2011-11-04,3314,3481,3481,3404,3461,65045
2011-11-07,3507,3684,3717,3481,3526,138895
2011-11-08,3438,3611,3770,3611,3709,79381
2011-11-09,3395,3567,3676,3550,3676,45891
2011-11-10,3240,3404,3473,3379,3473,69524
2011-11-11,3232,3396,3469,3383,3424,86877
2011-11-14,3461,3636,3859,3428,3562,399628
2011-11-15,3546,3725,3766,3628,3636,210952
2011-11-16,3325,3493,3766,3493,3766,191690
2011-11-17,3356,3526,3558,3473,3522,101586
2011-11-18,3290,3457,3514,3424,3457,69351
2011-11-21,3267,3432,3571,3420,3550,73501
2011-11-22,3240,3404,3444,3343,3343,92064
2011-11-23,3155,3314,3428,3294,3416,104188
2011-11-24,3120,3278,3310,3237,3261,83991
2011-11-25,3058,3213,3363,3196,3253,96760
2011-11-28,3105,3261,3282,3229,3270,53254
2011-11-29,3112,3270,3343,3261,3302,77890
2011-11-30,3108,3266,3302,3221,3257,38016
2011-12-01,3159,3318,3408,3310,3408,62632
2011-12-02,3139,3298,3351,3274,3347,29578
2011-12-05,3159,3318,3371,3294,3306,39427
2011-12-06,3120,3278,3335,3253,3310,95436
2011-12-07,3136,3294,3331,3270,3306,42830
2011-12-08,3151,3310,3322,3270,3278,50700
2011-12-09,3112,3270,3294,3261,3294,64335
2011-12-12,3136,3294,3335,3266,3335,118954
2011-12-13,3070,3225,3278,3225,3257,108361
2011-12-14,3050,3205,3253,3200,3221,65449
2011-12-15,2954,3103,3221,3083,3221,124346
2011-12-16,2977,3127,3172,3115,3168,42173
2011-12-19,2787,2928,3135,2847,3107,77263
2011-12-20,2926,3074,3074,2948,3050,52345
2011-12-21,2969,3119,3139,3066,3083,48917
2011-12-22,2934,3083,3180,3083,3099,48276
2011-12-23,2934,3083,3168,3083,3087,51827
2011-12-26,2942,3091,3172,3083,3172,42252
2011-12-27,2896,3042,3131,3042,3119,53551
2011-12-28,2960,3058,3091,2944,3042,141778
2011-12-29,2956,3054,3087,3005,3058,35454
2012-01-02,2975,3074,3131,3054,3054,46591
2012-01-03,2975,3074,3127,3050,3074,46800
2012-01-04,3038,3139,3144,3078,3131,54631
2012-01-05,3027,3127,3180,3083,3172,126244
2012-01-06,3038,3139,3164,3091,3164,68677
2012-01-09,2968,3066,3131,3042,3131,81879
2012-01-10,3019,3119,3119,3070,3070,56119
2012-01-11,3007,3107,3152,3091,3152,50060
2012-01-12,3153,3257,3274,3095,3111,238951
2012-01-13,3160,3266,3294,3213,3257,108805
2012-01-16,3141,3245,3270,3200,3270,55406
2012-01-17,3117,3221,3290,3205,3245,95684
2012-01-18,3125,3229,3261,3205,3221,76390
2012-01-19,3062,3164,3241,3160,3229,78278
2012-01-20,3090,3192,3200,3148,3200,78364
2012-01-25,3141,3245,3375,3192,3192,134163
2012-01-26,3121,3225,3261,3180,3253,108884
2012-01-27,3168,3274,3290,3200,3225,94896
2012-01-30,3267,3375,3432,3253,3274,341973
2012-01-31,3263,3371,3424,3327,3379,126682
2012-02-01,3263,3371,3420,3351,3371,92827
2012-02-02,3306,3416,3424,3367,3416,126829
2012-02-03,3290,3400,3554,3383,3424,228241
2012-02-06,3227,3335,3473,3335,3473,107346
2012-02-07,3208,3314,3367,3278,3294,112962
2012-02-08,3231,3339,3371,3318,3318,107960
2012-02-09,3255,3363,3371,3294,3371,115237
2012-02-10,3452,3567,3689,3379,3416,718862
2012-02-13,3440,3554,3709,3538,3607,284651
2012-02-14,3479,3595,3611,3497,3522,162984
2012-02-15,3464,3579,3701,3562,3619,196373
2012-02-16,3983,4116,4116,3672,3676,3324434
2012-02-17,4093,4229,4368,3941,4042,2115411
2012-02-20,4235,4376,4750,4116,4156,2102206
2012-02-21,4046,4181,4514,4173,4514,1053339
2012-02-22,3936,4067,4286,3990,4189,657728
2012-02-23,3999,4132,4295,4034,4107,787845
2012-02-24,3865,3994,4254,3994,4197,411110
2012-02-27,3877,4006,4107,3872,3994,435618
2012-02-28,4117,4254,4343,4042,4046,867220
2012-02-29,4188,4327,4701,4327,4490,1624157
2012-03-02,4259,4400,4425,4303,4327,483876
2012-03-05,4172,4311,4457,4197,4392,372332
2012-03-06,3991,4124,4286,4083,4254,337782
2012-03-07,3959,4091,4140,3969,4002,218625
2012-03-08,4274,4417,4433,4075,4107,492554
2012-03-09,4164,4303,4563,4295,4449,550829
2012-03-12,4322,4465,4482,4229,4311,583670
2012-03-13,4353,4498,4628,4433,4441,508626
2012-03-14,4306,4449,4571,4417,4571,324935
2012-03-15,4211,4351,4506,4303,4441,297698
2012-03-16,4290,4433,4530,4286,4343,765094
2012-03-19,4196,4335,4425,4270,4400,300916
2012-03-20,4180,4319,4408,4286,4368,195677
2012-03-21,3967,4099,4295,4083,4270,401660
2012-03-22,3802,3928,4173,3920,4116,288847
2012-03-23,3861,3990,4006,3924,3953,72444
2012-03-26,3680,3802,4059,3802,3998,144327
2012-03-27,3688,3811,3912,3806,3843,103679
2012-03-28,3806,3933,3937,3778,3778,126438
2012-03-29,3767,3892,3961,3778,3945,103438
2012-03-30,3873,4002,4042,3884,3892,93451
2012-04-02,3837,3965,4059,3933,4026,61365
2012-04-03,3735,3859,4006,3847,3969,119098
2012-04-04,3719,3843,3888,3819,3831,103584
2012-04-05,3802,3928,4002,3831,3831,132539
2012-04-06,3743,3867,3945,3863,3937,86593
2012-04-09,3526,3644,3831,3644,3762,180026
2012-04-10,3507,3623,3709,3579,3579,53528
2012-04-12,3566,3684,3794,3611,3623,76279
2012-04-13,3700,3823,3835,3709,3774,59230
2012-04-16,3743,3867,3884,3806,3823,41751
2012-04-17,3723,3847,3953,3819,3827,40654
2012-04-18,3704,3827,3896,3823,3896,64710
2012-04-19,3688,3811,3855,3758,3847,56475
2012-04-20,3668,3790,3831,3750,3831,40769
2012-04-23,3613,3733,3823,3725,3819,25435
2012-04-24,3511,3628,3725,3615,3632,91081
2012-04-25,3499,3615,3733,3595,3733,48997
2012-04-26,3483,3599,3693,3379,3693,1709840
2012-04-27,3515,3632,3713,3562,3562,53410
2012-04-30,3519,3636,3750,3579,3750,50673
2012-05-02,3511,3628,3717,3538,3636,44864
2012-05-03,3475,3591,3652,3542,3607,81307
2012-05-04,3436,3550,3591,3510,3546,74380
2012-05-07,3369,3481,3546,3379,3506,72604
2012-05-08,3404,3518,3558,3416,3497,46708
2012-05-09,3401,3514,3546,3432,3542,33895
2012-05-10,3440,3554,3554,3449,3514,36035
2012-05-11,3361,3473,3571,3449,3571,63637
2012-05-14,3334,3444,3530,3416,3465,27403
2012-05-15,3290,3400,3424,3253,3408,65217
2012-05-16,3149,3253,3392,3249,3331,49676
2012-05-17,3188,3294,3363,3245,3294,43702
2012-05-18,3141,3245,3318,3209,3245,62695
2012-05-21,3090,3192,3327,3099,3327,62298
2012-05-22,3149,3253,3253,3127,3160,62720
2012-05-23,3082,3184,3278,3160,3196,36194
2012-05-24,3192,3298,3335,3144,3144,68183
2012-05-25,3302,3412,3440,3298,3298,58224
2012-05-29,3290,3400,3457,3339,3412,44661
2012-05-30,3259,3367,3473,3343,3473,21771
2012-05-31,3204,3310,3359,3278,3335,23817
2012-06-01,3105,3209,3331,3209,3331,52436
2012-06-04,3031,3131,3172,3050,3107,80373
2012-06-05,3070,3172,3192,3131,3131,29514
2012-06-07,3153,3257,3351,3172,3172,38314
2012-06-08,3129,3233,3290,3225,3261,17014
2012-06-11,3129,3233,3363,3184,3347,70219
2012-06-12,3086,3188,3196,3148,3156,48180
2012-06-13,3219,3327,3327,3148,3237,69705
2012-06-14,3121,3225,3270,3221,3257,48425
2012-06-15,3046,3148,3245,3148,3225,49111
2012-06-18,3070,3172,3229,3156,3160,70173
2012-06-19,3034,3135,3213,3131,3135,50056
2012-06-20,3046,3148,3196,3139,3156,29184
2012-06-21,3101,3205,3205,3152,3152,41957
2012-06-22,3074,3176,3192,3099,3192,59417
2012-06-25,3074,3176,3213,3156,3200,56958
2012-06-26,3058,3160,3213,3152,3176,60572
2012-06-27,3046,3148,3196,3148,3192,22091
2012-06-28,3046,3148,3200,3123,3164,39990
2012-06-29,3031,3131,3152,3091,3123,51774
2012-07-02,3031,3131,3168,3123,3139,48788
2012-07-03,3090,3192,3209,3119,3119,83142
2012-07-04,3121,3225,3233,3184,3196,45266
2012-07-05,3141,3245,3253,3200,3229,33134
2012-07-06,3141,3245,3286,3205,3274,37022
2012-07-09,3097,3200,3278,3200,3253,20001
2012-07-10,3101,3205,3221,3168,3221,41860
2012-07-11,3137,3241,3241,3188,3188,32442
2012-07-12,3164,3270,3477,3213,3213,299315
2012-07-13,3212,3318,3331,3221,3331,99919
2012-07-16,3235,3343,3400,3310,3310,49345
2012-07-17,3243,3351,3383,3335,3343,64219
2012-07-18,3231,3339,3432,3286,3432,41809
2012-07-19,3204,3310,3363,3257,3359,54218
2012-07-20,3172,3278,3318,3257,3318,50327
2012-07-23,3038,3139,3294,3139,3294,65155
2012-07-24,3007,3107,3164,3034,3050,71510
2012-07-25,2873,2969,3099,2969,3042,77892
2012-07-26,2936,3034,3038,2916,2916,20630
2012-07-27,2975,3074,3139,3034,3034,31054
2012-07-30,2944,3042,3168,3042,3127,14684
2012-07-31,2936,3034,3103,2969,3103,37974
2012-08-01,2936,3034,3083,3026,3078,12404
2012-08-02,2916,3013,3103,2969,3103,26848
2012-08-03,2928,3026,3066,2940,3009,13842
2012-08-06,2956,3054,3123,3026,3034,22792
2012-08-07,2948,3046,3083,3026,3038,33610
2012-08-08,2952,3050,3078,3034,3078,37089
2012-08-09,2979,3078,3091,3046,3074,79991
2012-08-10,2987,3087,3152,3062,3091,32754
2012-08-13,2999,3099,3156,3066,3087,39565
2012-08-14,2999,3099,3115,3070,3087,22536
2012-08-16,3011,3111,3127,3070,3099,31403
2012-08-17,3007,3107,3131,3087,3123,48969
2012-08-20,3050,3152,3156,3107,3115,55600
2012-08-21,3038,3139,3164,3119,3144,39400
2012-08-22,3121,3225,3270,3078,3152,176887
2012-08-23,3149,3253,3310,3172,3270,93902
2012-08-24,3070,3172,3253,3139,3249,79959
2012-08-27,3070,3172,3184,3135,3172,42299
2012-08-28,3062,3164,3237,3160,3213,82389
2012-08-29,3019,3119,3172,3103,3164,77632
2012-08-30,2968,3066,3123,3038,3123,58946
2012-08-31,2944,3042,3103,3030,3103,43936
2012-09-03,2964,3062,3087,3030,3066,55794
2012-09-04,3070,3172,3237,3066,3066,157589
2012-09-05,3172,3278,3339,3184,3233,276733
2012-09-06,3153,3257,3347,3257,3343,91396
2012-09-07,3188,3294,3363,3282,3286,175379
2012-09-10,3408,3522,3599,3343,3351,396555
2012-09-11,3566,3684,3843,3481,3542,840860
2012-09-12,3507,3623,3750,3611,3656,317786
2012-09-13,3550,3668,3741,3591,3628,123719
2012-09-14,3523,3640,3709,3571,3709,113775
2012-09-17,3542,3660,3737,3599,3599,105832
2012-09-18,3495,3611,3717,3579,3619,114857
2012-09-19,3467,3583,3636,3538,3611,124936
2012-09-20,3605,3725,3750,3595,3595,225273
2012-09-21,3558,3676,3766,3628,3745,97534
2012-09-24,3526,3644,3737,3623,3680,96997
2012-09-25,3582,3701,3806,3648,3660,258491
2012-09-26,3530,3648,3701,3640,3644,85555
2012-09-27,3483,3599,3684,3595,3648,108783
2012-09-28,3526,3644,3656,3591,3591,39110
2012-10-02,3523,3640,3721,3636,3644,31827
2012-10-04,3629,3750,3774,3640,3640,158002
2012-10-05,3613,3733,3766,3628,3758,90457
2012-10-08,3338,3449,3733,3440,3733,257493
2012-10-09,3314,3424,3538,3404,3420,101889
2012-10-10,3267,3375,3440,3335,3440,44753
2012-10-11,3247,3355,3383,3282,3375,60034
2012-10-12,3208,3314,3351,3294,3335,59599
2012-10-15,3267,3375,3416,3302,3335,129434
2012-10-16,3204,3310,3416,3274,3416,62008
2012-10-17,3168,3274,3335,3237,3314,74632
2012-10-18,3133,3237,3314,3217,3266,38238
2012-10-19,3160,3266,3266,3152,3152,64247
2012-10-22,3196,3302,3302,3192,3253,27810
2012-10-23,3188,3294,3327,3233,3327,40801
2012-10-24,3145,3249,3249,3200,3213,27970
2012-10-25,3141,3245,3274,3192,3237,32996
2012-10-26,3070,3172,3253,3135,3213,19352
2012-10-29,3015,3115,3168,3042,3148,55086
2012-10-30,2975,3074,3115,3034,3034,23800
2012-10-31,2991,3091,3119,3062,3062,28520
2012-11-01,2971,3070,3119,3030,3111,30244
2012-11-02,2971,3070,3127,3050,3091,29442
2012-11-05,3003,3103,3123,3050,3050,29467
2012-11-06,2999,3099,3148,3074,3144,16350
2012-11-07,3023,3123,3148,3095,3148,11064
2012-11-08,2991,3091,3107,3030,3107,27869
2012-11-09,2885,2981,3111,2948,3050,86359
2012-11-12,2893,2989,3026,2940,3026,47046
2012-11-13,2881,2977,3001,2952,2960,38588
2012-11-14,2893,2989,3054,2960,3054,26209
2012-11-15,2818,2912,2989,2790,2960,76295
2012-11-16,2680,2769,2956,2765,2956,45835
2012-11-19,2676,2765,2887,2757,2887,38105
2012-11-20,2629,2716,2777,2716,2765,76302
2012-11-21,2479,2562,2745,2562,2745,100533
2012-11-22,2562,2647,2647,2582,2582,64386
2012-11-23,2558,2643,2716,2562,2603,68711
2012-11-26,2641,2729,2737,2643,2647,31570
2012-11-27,2393,2472,2704,2464,2700,295117
2012-11-28,2456,2537,2542,2436,2440,80644
2012-11-29,2479,2562,2578,2505,2505,28656
2012-11-30,2531,2615,2631,2554,2554,43223
2012-12-03,2538,2623,2655,2586,2635,29216
2012-12-04,2535,2619,2672,2607,2623,22707
2012-12-05,2716,2806,3009,2603,2603,248846
2012-12-06,2708,2798,2887,2741,2843,42212
2012-12-07,2594,2680,2834,2655,2733,64798
2012-12-10,2538,2623,2708,2570,2651,38072
2012-12-11,2290,2367,2542,2257,2533,435209
2012-12-12,2350,2428,2481,2293,2293,96379
2012-12-13,2373,2452,2456,2395,2395,27538
2012-12-14,2353,2432,2489,2399,2489,38547
2012-12-17,2373,2452,2456,2399,2420,34575
2012-12-18,2369,2448,2464,2424,2424,40274
2012-12-20,2562,2647,2704,2448,2448,144241
2012-12-21,2511,2594,2684,2586,2684,49414
2012-12-24,2495,2578,2631,2546,2631,34135
2012-12-26,2546,2631,2668,2578,2578,25156
2012-12-27,2620,2655,2676,2594,2668,16402
2012-12-28,2568,2603,2660,2603,2655,41654
2013-01-02,2608,2643,2684,2582,2603,19438
2013-01-03,2592,2627,2704,2619,2704,36204
2013-01-04,2584,2619,2651,2603,2627,27243
2013-01-07,2556,2590,2664,2570,2643,41099
2013-01-08,2527,2562,2615,2562,2598,30807
2013-01-09,2560,2594,2619,2529,2529,27441
2013-01-10,2568,2603,2619,2586,2619,15948
2013-01-11,2519,2554,2631,2554,2631,50331
2013-01-14,2535,2570,2627,2529,2627,17801
2013-01-15,2511,2546,2603,2525,2603,19409
2013-01-16,2463,2497,2562,2167,2562,51873
2013-01-17,2463,2497,2529,2440,2505,10400
2013-01-18,2443,2476,2517,2448,2460,17653
2013-01-21,2407,2440,2513,2420,2420,44778
2013-01-22,2391,2424,2464,2424,2424,18828
2013-01-23,2387,2420,2448,2391,2424,49992
2013-01-24,2375,2407,2424,2363,2424,47764
2013-01-25,2327,2359,2424,2334,2342,37413
2013-01-28,2359,2391,2407,2314,2314,54203
2013-01-29,2363,2395,2440,2363,2395,16395
2013-01-30,2367,2399,2460,2350,2460,12639
2013-01-31,2291,2322,2452,2318,2452,45715
2013-02-01,2315,2346,2371,2310,2322,28721
2013-02-04,2435,2468,2598,2359,2359,112792
2013-02-05,2439,2472,2521,2440,2476,55982
2013-02-06,2439,2472,2525,2468,2472,47089
2013-02-07,2387,2420,2582,2403,2554,41586
2013-02-08,2415,2448,2529,2415,2420,38494
2013-02-12,2423,2456,2501,2399,2448,31447
2013-02-13,2379,2411,2517,2387,2444,54046
2013-02-14,2447,2481,2521,2391,2403,66150
2013-02-15,2812,2851,2851,2802,2851,446731
2013-02-18,2824,2863,3074,2859,2944,1395520
2013-02-19,2824,2863,2985,2826,2887,602612
2013-02-20,2808,2847,2920,2847,2871,172449
2013-02-21,2680,2716,2879,2676,2786,217816
2013-02-22,2736,2773,2798,2721,2725,111245
2013-02-25,2784,2822,2855,2733,2830,135860
2013-02-26,2820,2859,2859,2765,2838,87066
2013-02-27,2993,3034,3164,2899,2899,634418
2013-02-28,2865,2904,3050,2887,3050,219074
2013-03-04,2965,3005,3046,2904,2904,163119
2013-03-05,3089,3131,3453,3005,3009,1075560
2013-03-06,3234,3278,3383,3164,3205,522868
2013-03-07,3218,3261,3351,3205,3278,324148
2013-03-08,3210,3253,3327,3249,3261,196059
2013-03-11,3129,3172,3270,3164,3164,439578
2013-03-12,3153,3196,3213,3131,3176,111749
2013-03-13,3165,3209,3237,3119,3196,103038
2013-03-14,3133,3176,3274,3050,3144,106032
2013-03-15,3101,3144,3184,3091,3184,88900
2013-03-18,3085,3127,3294,3119,3139,202253
2013-03-19,3177,3221,3253,3131,3253,100444
2013-03-20,3113,3156,3294,3139,3294,67147
2013-03-21,3069,3111,3188,3107,3107,113269
2013-03-22,3097,3139,3176,3119,3123,55479
2013-03-25,3057,3099,3164,3091,3123,82635
2013-03-26,3117,3160,3172,3095,3095,51230
2013-03-27,3198,3241,3449,3200,3278,306126
2013-03-28,3186,3229,3270,3184,3241,85518
2013-03-29,3210,3253,3290,3209,3241,66230
2013-04-01,3206,3249,3400,3229,3266,142440
2013-04-02,3077,3119,3245,3058,3237,160353
2013-04-03,3069,3111,3196,3017,3196,132080
2013-04-04,2941,2981,3131,2887,3131,121300
2013-04-05,2832,2871,2973,2794,2973,131022
2013-04-08,2808,2847,2965,2769,2830,69224
2013-04-09,2752,2790,2879,2749,2790,51364
2013-04-10,2764,2802,2838,2773,2790,18059
2013-04-11,2792,2830,2875,2782,2806,57179
2013-04-12,2760,2798,2871,2790,2871,38147
2013-04-15,2708,2745,2806,2680,2798,56687
2013-04-16,2680,2716,2737,2643,2643,73954
2013-04-17,2720,2757,2782,2688,2777,62849
2013-04-18,2836,2875,3009,2708,2757,142499
2013-04-19,2913,2952,2952,2826,2875,107701
2013-04-22,2836,2875,2993,2830,2993,80142
2013-04-23,2860,2899,2908,2830,2834,61246
2013-04-24,3001,3042,3144,2899,2956,163082
2013-04-25,2820,2859,3001,2859,2993,207867
2013-04-26,2764,2802,2891,2725,2891,109903
2013-04-29,2696,2733,2802,2733,2761,45669
2013-04-30,2816,2855,2969,2733,2733,72631
2013-05-02,2788,2826,2928,2810,2855,58786
2013-05-03,2808,2847,2936,2822,2936,25395
2013-05-06,2800,2838,2928,2806,2855,39389
2013-05-07,2800,2838,2879,2769,2810,48487
2013-05-08,2732,2769,2871,2769,2814,53558
2013-05-09,2796,2834,2843,2773,2782,43271
2013-05-10,2772,2810,2843,2786,2834,36658
2013-05-13,2736,2773,2826,2761,2818,36448
2013-05-14,2704,2741,2798,2712,2773,61210
2013-05-15,2772,2810,2830,2741,2741,29135
2013-05-16,2744,2782,2843,2741,2818,53070
2013-05-20,2764,2802,2830,2745,2782,27318
2013-05-21,2881,2920,3005,2802,2822,162682
2013-05-22,2881,2920,2985,2895,2936,96809
2013-05-23,2836,2875,2960,2875,2960,28074
2013-05-24,2856,2895,2960,2847,2883,70379
2013-05-27,2772,2810,2932,2802,2932,39990
2013-05-28,2764,2802,2818,2765,2818,71906
2013-05-29,2800,2838,2887,2782,2806,43887
2013-05-30,2756,2794,2969,2790,2838,84688
2013-05-31,2423,2456,2867,2456,2867,351508
2013-06-03,2471,2505,2594,2501,2546,260348
2013-06-04,2507,2542,2558,2472,2513,51329
2013-06-05,2507,2542,2578,2509,2542,95137
2013-06-07,2527,2562,2570,2513,2542,94376
2013-06-10,2515,2550,2578,2505,2578,67480
2013-06-11,2503,2537,2594,2529,2594,31047
2013-06-12,2624,2660,2680,2501,2501,98924
2013-06-13,2523,2558,2664,2546,2664,47674
2013-06-14,2495,2529,2664,2529,2562,28737
2013-06-17,2499,2533,2623,2529,2529,25410
2013-06-18,2511,2546,2619,2497,2619,24267
2013-06-19,2455,2489,2594,2481,2521,36894
2013-06-20,2427,2460,2517,2399,2399,94879
2013-06-21,2375,2407,2444,2391,2407,100347
2013-06-24,2399,2432,2521,2359,2521,35787
2013-06-25,2243,2273,2424,2196,2424,141375
2013-06-26,2291,2322,2350,2261,2293,57963
2013-06-27,2355,2387,2428,2293,2359,34151
2013-06-28,2427,2460,2489,2387,2468,37961
2013-07-01,2419,2452,2537,2448,2537,34925
2013-07-02,2491,2525,2525,2440,2521,50596
2013-07-03,2455,2489,2533,2448,2485,27083
2013-07-04,2427,2460,2509,2440,2509,43899
2013-07-05,2459,2493,2533,2448,2448,20296
2013-07-08,2423,2456,2517,2407,2476,51200
2013-07-09,2447,2481,2485,2424,2436,28397
2013-07-10,2419,2452,2513,2448,2481,11974
2013-07-11,2467,2501,2513,2440,2440,23406
2013-07-12,2467,2501,2517,2481,2481,19731
2013-07-15,2495,2529,2529,2489,2525,37057
2013-07-16,2543,2578,2603,2493,2529,67784
2013-07-17,2724,2761,2843,2578,2586,172952
2013-07-18,2913,2952,2977,2716,2761,205201
2013-07-19,2844,2883,2997,2838,2969,186573
2013-07-22,2736,2773,2879,2773,2834,64726
2013-07-23,2748,2786,2879,2773,2773,33332
2013-07-24,2768,2806,2859,2782,2859,26332
2013-07-25,2889,2928,2993,2782,2834,129245
2013-07-26,2909,2948,2948,2847,2928,40065
2013-07-29,2856,2895,2985,2887,2956,65095
2013-07-30,3101,3144,3249,2847,2847,746675
2013-07-31,2889,2928,3131,2887,3131,501967
2013-08-01,2836,2875,2960,2851,2952,149118
2013-08-02,2893,2932,3131,2932,3074,470847
2013-08-05,2929,2969,3038,2932,3038,117590
2013-08-06,2993,3034,3062,2928,2928,127974
2013-08-07,3129,3172,3233,3034,3034,303064
2013-08-08,3173,3217,3290,3131,3196,313925
2013-08-09,3165,3209,3351,3196,3217,271540
2013-08-12,3145,3188,3278,3176,3205,172599
2013-08-13,3033,3074,3188,3074,3156,188935
2013-08-14,3113,3156,3213,3099,3107,70086
2013-08-16,3177,3221,3221,3115,3156,147926
2013-08-19,3322,3367,3432,3253,3257,337136
2013-08-20,3322,3367,3522,3261,3310,419012
2013-08-21,3250,3294,3432,3213,3363,237680
2013-08-22,3085,3127,3249,3123,3184,127633
2013-08-23,3109,3152,3196,3074,3139,93275
2013-08-26,2901,2940,3213,2940,3196,302719
2013-08-27,2981,3021,3119,2928,2956,135656
2013-08-28,2997,3038,3083,2952,2960,99305
2013-08-29,3013,3054,3074,2997,2997,66273
2013-08-30,2945,2985,3062,2960,3013,100264
2013-09-02,3009,3050,3062,2948,2948,54563
2013-09-03,3085,3127,3168,3046,3046,68278
2013-09-04,3077,3119,3205,3103,3144,48472
2013-09-05,3089,3131,3233,3115,3229,81086
2013-09-06,3049,3091,3196,3034,3196,67476
2013-09-09,3017,3058,3156,3009,3156,46530
2013-09-10,3001,3042,3074,3001,3042,60378
2013-09-11,2965,3005,3066,2989,3042,69842
2013-09-12,2953,2993,3042,2956,2985,70911
2013-09-13,2921,2960,3021,2952,2969,87547
2013-09-16,2941,2981,3058,2899,2993,115389
2013-09-17,2937,2977,3038,2952,3001,38158
2013-09-23,2933,2973,3005,2928,2977,56746
2013-09-24,2945,2985,2985,2904,2960,55934
2013-09-25,2957,2997,3030,2948,2985,25681
2013-09-26,3117,3160,3233,3001,3042,221278
2013-09-27,3105,3148,3213,3103,3164,99240
2013-09-30,3113,3156,3253,3131,3253,151906
2013-10-01,3198,3241,3322,3107,3131,155007
2013-10-02,3346,3392,3481,3217,3261,509724
2013-10-04,3410,3457,3465,3327,3392,249529
2013-10-07,3358,3404,3473,3363,3444,99451
2013-10-08,3358,3404,3432,3335,3424,62094
2013-10-10,3242,3286,3571,3286,3404,242484
2013-10-11,3190,3233,3310,3221,3286,104001
2013-10-14,3202,3245,3266,3184,3233,76624
2013-10-15,3165,3209,3278,3180,3245,95715
2013-10-16,3149,3192,3229,3135,3205,57447
2013-10-17,3165,3209,3286,3148,3253,102344
2013-10-18,3157,3200,3233,3168,3229,33123
2013-10-21,3049,3091,3205,3038,3200,120980
2013-10-22,3013,3054,3115,3009,3091,51850
2013-10-23,2993,3034,3164,2993,3038,55935
2013-10-24,3105,3148,3152,2969,3009,63654
2013-10-25,3017,3058,3205,3050,3111,57848
2013-10-28,3089,3131,3148,3050,3095,33811
2013-10-29,3121,3164,3241,3095,3099,64064
2013-10-30,3109,3152,3213,3119,3213,45190
2013-10-31,2973,3013,3192,3001,3192,79079
2013-11-01,3009,3050,3062,2973,2989,22238
2013-11-04,3061,3103,3144,3017,3050,56094
2013-11-05,3009,3050,3127,3030,3087,28201
2013-11-06,2973,3013,3095,2993,3026,41212
2013-11-07,2913,2952,3026,2936,3009,105996
2013-11-08,2929,2969,2981,2904,2912,48827
2013-11-11,2921,2960,3001,2912,2969,32714
2013-11-12,2921,2960,2981,2928,2936,32910
2013-11-13,2909,2948,2997,2936,2936,28128
2013-11-14,2796,2834,2981,2834,2981,88008
2013-11-15,3049,3091,3091,2838,2895,100313
2013-11-18,3009,3050,3087,2981,3074,75480
2013-11-19,2925,2965,3135,2960,3009,60322
2013-11-20,2953,2993,3042,2920,2969,21932
2013-11-21,2917,2956,3050,2871,3034,43334
2013-11-22,2840,2879,2948,2859,2908,1817775
2013-11-25,2832,2871,2960,2838,2887,49239
2013-11-26,2844,2883,2920,2830,2851,97955
2013-11-27,2844,2883,2916,2847,2879,37998
2013-11-28,2840,2879,2920,2838,2838,20149
2013-11-29,2840,2879,2883,2851,2879,36292
2013-12-02,2832,2871,2940,2847,2847,43723
2013-12-03,2816,2855,2863,2806,2855,35344
2013-12-04,2652,2688,2855,2672,2822,96413
2013-12-05,2712,2749,2782,2688,2688,32307
2013-12-06,2708,2745,2769,2716,2769,18612
2013-12-09,2696,2733,2769,2668,2716,64158
2013-12-10,2708,2745,2761,2562,2684,122699
2013-12-11,2712,2749,2790,2676,2790,13326
2013-12-12,2668,2704,2745,2651,2651,22300
2013-12-13,2672,2708,2716,2635,2664,23271
2013-12-16,2664,2700,2782,2603,2668,48226
2013-12-17,2652,2688,2700,2615,2631,47266
2013-12-18,2572,2607,2708,2603,2631,45471
2013-12-19,2600,2635,2668,2578,2668,30819
2013-12-20,2600,2635,2639,2582,2623,23357
2013-12-23,2712,2749,2895,2643,2757,201504
2013-12-24,2712,2749,2806,2712,2765,45878
2013-12-26,2740,2777,2887,2745,2749,191074
2013-12-27,2700,2737,2777,2684,2749,46611
2013-12-30,2712,2749,2757,2684,2757,40641
2014-01-02,2684,2721,2749,2684,2749,37075
2014-01-03,2744,2782,2782,2696,2696,56034
2014-01-06,2752,2790,2818,2745,2745,45683
2014-01-07,2760,2798,2826,2777,2826,11740
2014-01-08,2764,2802,2826,2765,2826,28447
2014-01-09,2869,2908,2944,2802,2818,88960
2014-01-10,2885,2924,2928,2834,2924,35036
2014-01-13,2913,2952,2969,2871,2879,48408
2014-01-14,2893,2932,2969,2875,2952,33769
2014-01-15,2869,2908,2981,2899,2899,50734
2014-01-16,2840,2879,2944,2867,2944,30230
2014-01-17,2784,2822,2883,2818,2863,53174
2014-01-20,2716,2753,2822,2716,2822,81180
2014-01-21,2696,2733,2773,2725,2741,41589
2014-01-22,2752,2790,2790,2725,2733,28282
2014-01-23,2744,2782,2810,2757,2765,30876
2014-01-24,2744,2782,2818,2749,2818,31554
2014-01-27,2736,2773,2786,2741,2745,45809
2014-01-28,2728,2765,2806,2757,2806,29793
2014-01-29,2744,2782,2798,2745,2745,13141
2014-02-03,2728,2765,2838,2741,2782,25930
2014-02-04,2736,2773,2802,2708,2708,64091
2014-02-05,2736,2773,2806,2757,2782,49099
2014-02-06,2736,2773,2867,2769,2806,22447
2014-02-07,2764,2802,2814,2725,2814,56722
2014-02-10,2836,2875,2883,2798,2838,37718
2014-02-11,3262,3306,3306,2912,2916,888972
2014-02-12,3547,3595,3660,3286,3522,3031673
2014-02-13,3571,3619,3693,3514,3554,974149
2014-02-14,3494,3542,3693,3428,3644,709158
2014-02-17,3591,3640,3863,3449,3538,1348185
2014-02-18,3498,3546,3640,3522,3607,461369
2014-02-19,3559,3607,3644,3465,3554,611369
2014-02-20,3515,3562,3717,3473,3607,671470
2014-02-21,3807,3859,3961,3534,3628,1732407
2014-02-24,3799,3851,3912,3790,3900,413751
2014-02-25,3828,3880,3904,3766,3859,304748
2014-02-26,3450,3497,3888,3424,3839,1349231
2014-02-27,3390,3436,3567,3416,3514,355401
2014-02-28,3442,3489,3510,3375,3436,202181
2014-03-03,3282,3327,3473,3310,3404,361732
2014-03-04,3274,3318,3416,3261,3298,199486
2014-03-05,3346,3392,3457,3286,3327,207451
2014-03-06,3294,3339,3469,3290,3367,236927
2014-03-07,3306,3351,3404,3302,3347,88713
2014-03-10,3370,3416,3444,3379,3392,205151
2014-03-11,3298,3343,3444,3314,3440,172666
2014-03-12,3169,3213,3318,3131,3306,538499
2014-03-13,3214,3257,3261,3172,3213,132447
2014-03-14,3234,3278,3286,3123,3127,90875
2014-03-17,3214,3257,3302,3241,3253,84912
2014-03-18,3210,3253,3282,3225,3282,64435
2014-03-19,3181,3225,3282,3205,3282,74448
2014-03-20,3149,3192,3241,3144,3225,90808
2014-03-21,3161,3205,3205,3119,3152,181881
2014-03-24,3234,3278,3306,3172,3172,87809
2014-03-25,3206,3249,3306,3237,3261,61423
2014-03-26,3222,3266,3290,3184,3233,38800
2014-03-27,3294,3339,3375,3253,3266,113336
2014-03-28,3322,3367,3388,3306,3351,147032
2014-03-31,3322,3367,3408,3253,3351,93445
2014-04-01,3266,3310,3371,3286,3327,100153
2014-04-02,3254,3298,3327,3257,3310,72223
2014-04-03,3238,3282,3327,3257,3327,39708
2014-04-04,3226,3270,3290,3237,3290,69644
2014-04-07,3274,3318,3327,3249,3253,100710
2014-04-08,3278,3322,3396,3314,3335,101395
2014-04-09,3274,3318,3339,3286,3339,77782
2014-04-10,3290,3335,3351,3306,3306,99777
2014-04-11,3294,3339,3440,3306,3335,169205
2014-04-14,3458,3506,3506,3322,3351,249178
2014-04-15,3446,3493,3526,3461,3514,150013
2014-04-16,3386,3432,3526,3388,3526,152709
2014-04-17,3350,3396,3461,3367,3440,68170
2014-04-18,3354,3400,3440,3388,3436,84729
2014-04-21,3306,3351,3424,3335,3375,81301
2014-04-22,3298,3343,3379,3322,3359,79590
2014-04-23,3286,3331,3408,3322,3331,66114
2014-04-24,3338,3383,3396,3339,3339,33022
2014-04-25,3330,3375,3457,3347,3383,64847
2014-04-28,3362,3408,3453,3359,3359,59468
2014-04-29,3338,3383,3449,3383,3449,51813
2014-04-30,3270,3314,3436,3294,3424,85074
2014-05-02,3362,3408,3436,3294,3314,81647
2014-05-07,3426,3473,3571,3375,3408,282680
2014-05-08,3450,3497,3774,3453,3554,753242
2014-05-09,3450,3497,3526,3457,3477,99972
2014-05-12,3462,3510,3571,3481,3485,120744
2014-05-13,3531,3579,3636,3501,3501,221025
2014-05-14,3599,3648,3741,3562,3636,285214
2014-05-15,3655,3705,3713,3628,3656,295505
2014-05-16,3647,3697,3741,3619,3705,138362
2014-05-19,3527,3575,3725,3550,3725,194368
2014-05-20,3611,3660,3684,3514,3530,112188
2014-05-21,3579,3628,3680,3599,3660,129820
2014-05-22,3523,3571,3660,3567,3615,113332
2014-05-23,3498,3546,3587,3534,3538,61749
2014-05-26,3511,3558,3652,3546,3579,99510
2014-05-27,3639,3689,3737,3546,3546,229826
2014-05-28,3639,3689,3741,3644,3693,149218
2014-05-29,3687,3737,3782,3660,3680,153017
2014-05-30,3703,3754,4063,3709,3770,875304
2014-06-02,3888,3941,3941,3721,3725,286613
2014-06-03,3306,3351,3351,3351,3351,200246
2014-06-05,3290,3335,3383,3213,3351,685060
2014-06-09,2921,2960,3436,2847,3335,1096647
2014-06-10,2941,2981,3046,2891,3017,243971
2014-06-11,2937,2977,2997,2920,2981,171602
2014-06-12,2953,2993,3054,2965,2965,114933
2014-06-13,2953,2993,2993,2895,2993,74620
2014-06-16,2881,2920,2956,2904,2928,77749
2014-06-17,2881,2920,2952,2867,2920,110447
2014-06-18,2881,2920,2952,2871,2887,121435
2014-06-19,2989,3030,3038,2908,2908,230378
2014-06-20,2993,3034,3042,2956,2956,166139
2014-06-23,2564,2598,3074,2590,3074,750592
2014-06-24,2556,2590,2639,2391,2603,392546
2014-06-25,2483,2517,2590,2497,2521,400341
2014-06-26,2577,2612,2720,2530,2538,241084
2014-06-27,2560,2595,2659,2551,2612,121313
2014-06-30,2628,2664,2672,2551,2560,61866
2014-07-01,2735,2772,2776,2465,2668,131799
2014-07-02,2824,2863,2863,2737,2755,199939
2014-07-03,2833,2871,2906,2837,2906,96857
2014-07-04,2858,2897,2906,2815,2871,58637
2014-07-07,2816,2854,2953,2824,2949,83441
2014-07-08,2764,2802,2880,2750,2806,83374
2014-07-09,2722,2759,2828,2720,2802,78583
2014-07-10,2363,2396,2759,2361,2759,830024
2014-07-11,2406,2439,2447,2253,2400,432329
2014-07-14,2653,2690,2759,2469,2499,1269740
2014-07-15,2679,2716,2923,2716,2785,1234501
2014-07-16,2602,2638,2707,2590,2694,200748
2014-07-17,2517,2551,2642,2521,2521,301645
2014-07-18,2892,2932,2932,2512,2517,2121398
2014-07-21,3067,3109,3321,2819,2992,3750631
2014-07-22,3106,3148,3312,3062,3148,1433890
2014-07-23,2931,2971,3191,2971,3109,757901
2014-07-24,2871,2910,3023,2871,3001,397602
2014-07-25,2858,2897,2958,2871,2958,256786
2014-07-28,2658,2694,2915,2694,2910,421303
2014-07-29,2722,2759,2802,2664,2694,379240
2014-07-30,2824,2863,2880,2620,2759,374400
2014-07-31,2824,2863,3191,2863,3114,1646890
2014-08-01,2875,2915,3005,2742,2768,636655
2014-08-04,3306,3351,3351,2915,2945,3319153
2014-08-05,3259,3304,3438,3265,3382,1507017
2014-08-06,3089,3131,3343,3092,3330,1599525
2014-08-07,3200,3243,3347,3105,3139,1195395
2014-08-08,3370,3416,3628,3256,3330,2444565
2014-08-11,3404,3451,3477,3330,3477,863702
2014-08-12,3456,3503,3797,3403,3408,1600689
2014-08-13,3306,3351,3589,3265,3485,907935
2014-08-14,3306,3351,3451,3299,3347,501598
2014-08-18,3579,3628,3732,3351,3351,1850794
2014-08-19,3618,3667,3680,3533,3671,696801
2014-08-20,3255,3299,3741,3118,3702,2233344
2014-08-21,3063,3105,3226,3005,3044,3693981
2014-08-22,3204,3248,3321,3088,3126,1325007
2014-08-25,3387,3434,3460,3196,3200,1861472
2014-08-26,3353,3399,3451,3312,3451,786908
2014-08-27,3473,3520,3719,3334,3390,2558219
2014-08-28,3703,3754,3983,3516,3572,4569608
2014-08-29,3669,3719,3918,3607,3754,3116875
2014-09-01,4219,4277,4277,3875,3918,1580692
2014-09-02,4557,4619,4913,4428,4835,7390496
2014-09-03,4659,4722,4878,4523,4636,4692235
2014-09-04,4283,4342,4679,4121,4627,4100717
2014-09-05,4420,4480,4541,4255,4342,1819793
2014-09-11,4138,4195,4523,4177,4480,2126733
2014-09-12,4352,4411,4601,4095,4165,5875334
2014-09-15,4254,4312,4506,4169,4411,2940405
2014-09-16,4480,4541,4861,4376,4428,6865915
2014-09-17,4394,4454,4558,4307,4532,2986693
2014-09-18,4335,4394,4523,4394,4498,1465689
2014-09-19,4411,4472,4472,4199,4260,1545859
2014-09-22,4301,4359,4575,4342,4437,2187458
2014-09-23,4232,4290,4506,4286,4316,1209093
2014-09-24,4275,4333,4454,4247,4281,1024718
2014-09-25,4164,4221,4437,4203,4402,950154
2014-09-26,3921,3974,4143,3892,4143,1820606
2014-09-29,3771,3823,4087,3741,3970,1095849
2014-09-30,3831,3883,4039,3827,3840,981456
2014-10-01,3652,3702,4013,3559,3927,1663042
2014-10-02,3716,3767,3784,3589,3607,643299
2014-10-06,3737,3788,3875,3611,3767,952601
2014-10-07,4053,4108,4251,3762,3806,3423819
2014-10-08,3921,3974,4113,3966,4108,1039873
2014-10-10,4036,4091,4251,3974,3974,2170594
2014-10-13,3959,4013,4307,3966,4134,2323579
2014-10-14,3776,3827,4022,3762,4022,1207401
2014-10-15,3686,3736,3857,3658,3827,1000643
2014-10-16,4198,4255,4290,3689,3749,3527330
2014-10-17,4079,4134,4541,4087,4203,4058492
2014-10-20,4207,4264,4489,4009,4108,2851309
2014-10-21,4326,4385,4636,4264,4325,4386279
2014-10-22,4326,4385,4489,4203,4268,1668243
2014-10-23,3925,3979,4472,3896,4411,2907126
2014-10-24,4121,4177,4195,4009,4152,1547631
2014-10-27,4096,4152,4385,4100,4255,1229379
2014-10-28,4074,4130,4273,4095,4143,963182
2014-10-29,3951,4004,4173,3935,4152,1197228
2014-10-30,3925,3979,4134,3953,3961,885099
2014-10-31,3998,4052,4104,3983,4043,795390
2014-11-03,3669,3719,3931,3633,3892,1889038
2014-11-04,3532,3581,3849,3516,3806,1311029
2014-11-05,3396,3442,3667,3442,3646,1089268
2014-11-06,3191,3235,3490,3114,3390,1894487
2014-11-07,3306,3351,3429,3165,3165,1157522
2014-11-10,3336,3382,3438,3282,3330,652191
2014-11-11,3400,3447,3533,3382,3416,834593
2014-11-12,3358,3403,3503,3373,3447,364593
2014-11-13,3353,3399,3503,3364,3377,435622
2014-11-14,3276,3321,3416,3274,3390,496596
2014-11-17,3166,3209,3347,3144,3347,363993
2014-11-18,3242,3287,3295,3191,3191,262626
2014-11-19,3247,3291,3317,3230,3304,206119
2014-11-20,3183,3226,3347,3226,3287,355496
2014-11-21,3340,3386,3494,3217,3230,1316714
2014-11-24,3375,3421,3429,3325,3395,387342
2014-11-25,3242,3287,3429,3278,3421,521826
2014-11-26,3242,3287,3390,3261,3325,625523
2014-11-27,3234,3278,3321,3204,3269,332955
2014-11-28,3166,3209,3425,3200,3287,563678
2014-12-01,3584,3633,3689,3438,3572,4198921
2014-12-02,3584,3633,3689,3520,3520,1170761
2014-12-03,3614,3663,3801,3602,3633,882254
2014-12-04,3567,3615,3775,3615,3702,477830
2014-12-05,3532,3581,3654,3503,3615,362092
2014-12-08,3652,3702,3736,3559,3624,514551
2014-12-09,3776,3827,3831,3602,3667,825147
2014-12-10,3797,3849,3940,3745,3879,880988
2014-12-11,3780,3831,3892,3732,3849,1046995
2014-12-12,3780,3831,4402,3784,4277,3993966
2014-12-15,3562,3611,3771,3611,3650,1525379
2014-12-16,3840,3892,4039,3442,3568,2285193
2014-12-17,3827,3879,4126,3767,3819,2729964
2014-12-18,3584,3633,3901,3533,3819,1230454
2014-12-19,3596,3646,3758,3628,3641,667597
2014-12-22,3507,3555,3654,3542,3646,652674
2014-12-23,3503,3550,3646,3524,3563,454955
2014-12-24,3524,3572,3620,3537,3589,450830
2014-12-26,3669,3719,3762,3572,3572,926071
2014-12-29,3641,3641,3762,3607,3736,711015
2014-12-30,3641,3641,3658,3585,3637,419183
2015-01-02,3451,3451,3641,3408,3641,1059828
2015-01-05,3460,3460,3516,3399,3408,418843
2015-01-06,3382,3382,3494,3369,3451,526844
2015-01-07,3321,3321,3460,3317,3351,495923
2015-01-08,3364,3364,3412,3343,3356,261514
2015-01-09,3373,3373,3425,3351,3421,307411
2015-01-12,3421,3421,3468,3377,3377,699052
2015-01-13,3399,3399,3447,3377,3447,376364
2015-01-14,3460,3460,3602,3386,3408,3249895
2015-01-15,3390,3390,3472,3373,3455,728419
2015-01-16,3191,3191,3382,3178,3382,1832448
2015-01-19,3321,3321,3347,3187,3204,903927
2015-01-20,3399,3399,3416,3304,3347,479076
2015-01-21,3905,3905,3905,3408,3416,8761712
2015-01-22,3637,3637,3914,3589,3875,4880417
2015-01-23,3680,3680,3914,3633,3676,6414575
2015-01-26,3702,3702,3762,3663,3680,1226476
2015-01-27,3563,3563,3775,3533,3693,1648257
2015-01-28,3676,3676,3797,3503,3533,2260211
2015-01-29,3684,3684,3762,3671,3680,869846
2015-01-30,3676,3676,3741,3572,3723,662340
2015-02-02,3814,3814,3940,3637,3693,3436930
2015-02-03,3797,3797,3996,3788,3819,2408277
2015-02-04,3948,3948,3948,3771,3862,1680852
2015-02-05,3901,3901,4238,3892,3918,4794487
2015-02-06,3870,3870,3905,3788,3857,1260324
2015-02-09,3693,3693,3944,3667,3922,1476655
2015-02-10,3658,3658,3741,3563,3689,834209
2015-02-11,3710,3710,3767,3658,3702,695602
2015-02-12,3728,3728,3754,3658,3732,458328
2015-02-13,3771,3771,3840,3719,3771,670736
2015-02-16,3762,3762,3875,3736,3788,792923
2015-02-17,3667,3667,3771,3658,3762,691047
2015-02-23,3546,3546,3667,3516,3667,684619
2015-02-24,3615,3615,3650,3546,3546,595844
2015-02-25,3585,3585,3671,3555,3650,545533
2015-02-26,3637,3637,3745,3559,3598,1219914
2015-02-27,3676,3676,3741,3641,3676,626415
2015-03-02,3706,3706,3749,3658,3676,620330
2015-03-03,3684,3684,3732,3667,3719,417731
2015-03-04,3693,3693,3775,3671,3676,980360
2015-03-05,3637,3637,3758,3628,3693,910274
2015-03-06,3624,3624,3663,3589,3658,552322
2015-03-09,3568,3568,3650,3563,3594,440976
2015-03-10,3490,3490,3607,3455,3568,592916
2015-03-11,3511,3511,3516,3434,3442,293761
2015-03-12,3581,3581,3602,3511,3516,314808
2015-03-13,3602,3602,3624,3572,3572,348634
2015-03-16,3633,3633,3658,3563,3602,521943
2015-03-17,3624,3624,3680,3589,3620,540592
2015-03-18,3671,3671,3736,3633,3658,933261
2015-03-19,3658,3658,3697,3607,3671,317927
2015-03-20,3771,3771,3771,3637,3637,797852
2015-03-23,3775,3775,3810,3749,3780,626591
2015-03-24,3806,3806,3857,3749,3775,955226
2015-03-25,3793,3793,3844,3780,3806,518832
2015-03-26,3697,3697,3784,3671,3784,554196
2015-03-27,3719,3719,3745,3676,3697,377071
2015-03-30,3793,3793,3810,3702,3754,484374
2015-03-31,3840,3840,3857,3767,3797,539308
2015-04-01,3771,3771,3857,3771,3840,468482
2015-04-02,3918,3918,4095,3775,3775,4809800
2015-04-03,4000,4000,4026,3922,4004,1197965
2015-04-06,4065,4065,4100,3974,4022,1101543
2015-04-07,4030,4030,4121,3987,4065,840099
2015-04-08,3944,3944,4061,3914,4061,773274
2015-04-09,4000,4000,4048,3944,3953,572663
2015-04-10,3806,3806,4022,3697,4000,1993872
2015-04-13,3883,3883,3909,3762,3831,1119751
2015-04-14,3801,3801,3953,3780,3953,841111
2015-04-15,3823,3823,3875,3797,3806,449143
2015-04-16,3909,3909,3922,3819,3831,758432
2015-04-17,3957,3957,4126,3935,4065,2359402
2015-04-20,4017,4017,4048,3879,3922,1146398
2015-04-21,3996,3996,4095,3979,4095,985743
2015-04-22,3849,3849,4048,3702,3992,1109078
2015-04-23,3745,3745,3875,3728,3831,808990
2015-04-24,3788,3788,3922,3689,3745,2017648
2015-04-27,3814,3814,3896,3814,3883,915033
2015-04-28,3840,3840,3862,3767,3775,672404
2015-04-29,3814,3814,3979,3806,3840,2746324
2015-04-30,3641,3641,4190,3637,4056,9707077
2015-05-04,4186,4186,4186,3641,3641,8786909
2015-05-06,4809,4809,4809,4152,4186,15609270
2015-05-07,5198,5198,5406,4895,5060,25588308
2015-05-08,5371,5371,5371,5025,5241,12866617
2015-05-11,5752,5752,5890,5233,5267,17994608
2015-05-12,5760,5760,6210,5622,5709,13417182
2015-05-13,5812,5812,5942,5536,5760,6163828
2015-05-14,5734,5734,6349,5709,6037,7312601
2015-05-15,5916,5916,6055,5536,6055,8447522
2015-05-18,5596,5596,5977,5596,5882,5151086
2015-05-19,5795,5795,5795,5406,5648,5604043
2015-05-20,5518,5518,5830,5423,5648,5411423
2015-05-21,5544,5544,5622,5319,5449,3309851
2015-05-22,5544,5544,5925,5475,5544,6605855
2015-05-26,5648,5648,5821,5544,5544,4123723
2015-05-27,6193,6193,6297,5674,5709,13421875
2015-05-28,6219,6219,6504,6089,6435,5697670
2015-05-29,5795,5795,6271,5734,6219,4725123
2015-06-01,5709,5709,5882,5596,5786,3520139
2015-06-02,5155,5155,5709,5086,5622,6813382
2015-06-03,5293,5293,5449,4965,5155,5666562
2015-06-04,5172,5172,5388,5146,5354,2731279
2015-06-05,5068,5068,5164,4947,5025,2524357
2015-06-08,5250,5250,5440,5042,5094,3534028
2015-06-09,5311,5311,5363,5190,5285,2020713
2015-06-10,5241,5241,5388,5224,5276,1793248
2015-06-11,4731,4731,5311,4463,5241,13272941
2015-06-12,4818,4818,5025,4757,4930,5163337
2015-06-15,4714,4714,4973,4645,4783,1819670
2015-06-16,4714,4714,4844,4593,4627,1812094
2015-06-17,4818,4818,4939,4714,4766,2101815
2015-06-18,4731,4731,4835,4688,4818,1190959
2015-06-19,4965,4965,4999,4688,4740,1919613
2015-06-22,5241,5241,5354,4921,4947,3839651
2015-06-23,5267,5267,5406,5172,5293,2615450
2015-06-24,5397,5397,5484,5250,5293,2867657
2015-06-25,5293,5293,5466,5267,5397,1894934
2015-06-26,5129,5129,5328,5094,5276,1829575
2015-06-29,4895,4895,5051,4757,4835,2400677
2015-06-30,4956,4956,5008,4766,4878,1661880
2015-07-01,5181,5181,5241,5034,5060,2390564
2015-07-02,5164,5164,5311,5103,5259,1928534
2015-07-03,5146,5146,5285,5120,5146,2092486
2015-07-06,5146,5146,5276,4965,5025,2140886
2015-07-07,5622,5622,5977,5120,5276,13606960
2015-07-08,5648,5648,5899,5440,5769,6661836
2015-07-09,5847,5847,5847,5492,5579,3971530
2015-07-10,5760,5760,6029,5717,5899,3180448
2015-07-13,5804,5804,5856,5639,5674,2142401
2015-07-14,5804,5804,6011,5760,5890,4005179
2015-07-15,5977,5977,5977,5639,5864,3233700
2015-07-16,5812,5812,6323,5804,6158,6025540
2015-07-17,5726,5726,5864,5639,5812,2361785
2015-07-20,5838,5838,6063,5786,5812,2856618
2015-07-21,5838,5838,5942,5769,5933,1833214
2015-07-22,6271,6271,6271,5795,5804,4652570
2015-07-23,6279,6279,6383,6080,6271,3597955
2015-07-24,6210,6210,6677,6132,6357,6700408
2015-07-27,6184,6184,6366,6132,6331,2535122
2015-07-28,6020,6020,6141,5882,6046,2058171
2015-07-29,5786,5786,6098,5726,5864,1821584
2015-07-30,5553,5553,5907,5527,5795,2672614
2015-07-31,5916,5916,5933,5639,5639,3361191
2015-08-03,6098,6098,6314,5942,6011,3713725
2015-08-04,6193,6193,6236,6020,6055,1896884
2015-08-05,6158,6158,6253,6106,6228,1416680
2015-08-06,6020,6020,6288,5985,6184,1466757
2015-08-07,6020,6020,6029,5804,5951,1397778
2015-08-10,5933,5933,6132,5933,6020,990959
2015-08-11,5734,5734,5951,5639,5933,1614198
2015-08-12,5864,5864,5864,5596,5691,1466252
2015-08-13,5882,5882,5942,5769,5821,1014275
2015-08-14,5882,5882,5882,5882,5882,0
2015-08-17,5657,5657,5925,5639,5907,921620
2015-08-18,5388,5388,5683,5371,5622,1570468
2015-08-19,5250,5250,5328,4999,5276,2014137
2015-08-20,5207,5207,5380,5172,5172,1092343
2015-08-21,4818,4818,5042,4740,4887,2388734
2015-08-24,4818,4818,5008,4671,4679,2091148
2015-08-25,5120,5120,5155,4844,5060,2058597
2015-08-26,5587,5587,5977,5068,5120,6157846
2015-08-27,5475,5475,5665,5363,5639,1837468
2015-08-28,5726,5726,5726,5510,5536,1685062
2015-08-31,5873,5873,5925,5700,5769,1940151
2015-09-01,5873,5873,5933,5691,5873,1484017
2015-09-02,6089,6089,6124,5717,5743,3133967
2015-09-03,5968,5968,6271,5959,6089,2934284
2015-09-04,5743,5743,6037,5700,5968,1743566
2015-09-07,5821,5821,5899,5665,5709,1078419
2015-09-08,6080,6080,6158,5760,5856,2933724
2015-09-09,6314,6314,6314,6098,6184,2905248
2015-09-10,6314,6314,6392,6219,6262,1625177
2015-09-11,5977,5977,6089,5812,6029,4637494
2015-09-14,5752,5752,5959,5726,5951,2403013
2015-09-15,5942,5942,5951,5743,5795,1646648
2015-09-16,5812,5812,5968,5769,5925,1683488
2015-09-17,5414,5414,5812,5285,5752,4774796
2015-09-18,5492,5492,5510,5337,5432,1640792
2015-09-21,5440,5440,5518,5406,5449,1106279
2015-09-22,5510,5510,5613,5458,5492,1414741
2015-09-23,5241,5241,5484,5241,5466,1811234
2015-09-24,5484,5484,5518,5319,5328,1466650
2015-09-25,5596,5596,5596,5328,5345,1608325
2015-09-30,5414,5414,5596,5328,5345,2843813
2015-10-01,5423,5423,5492,5371,5423,930669
2015-10-02,5458,5458,5561,5414,5432,1053191
2015-10-05,5510,5510,5674,5466,5475,1462579
2015-10-06,5224,5224,5587,4999,5553,4004631
2015-10-07,5190,5190,5259,5060,5172,1153565
2015-10-08,5138,5138,5241,5103,5198,794219
2015-10-12,5051,5051,5164,4956,5138,1121909
2015-10-13,5146,5146,5224,5068,5138,807218
2015-10-14,5241,5241,5363,5094,5146,1422010
2015-10-15,5328,5328,5328,5207,5276,610374
2015-10-16,5302,5302,5388,5250,5354,621434
2015-10-19,5172,5172,5267,5120,5250,766738
2015-10-20,5146,5146,5224,5138,5190,494914
2015-10-21,5181,5181,5267,5103,5138,551211
2015-10-22,5103,5103,5215,5068,5164,478134
2015-10-23,5008,5008,5129,5008,5112,594792
2015-10-26,5051,5051,5120,4965,5034,480668
2015-10-27,5181,5181,5215,5017,5060,605660
2015-10-28,5146,5146,5276,5138,5146,565114
2015-10-29,5112,5112,5267,5068,5190,505893
2015-10-30,5025,5025,5138,4973,5120,576107
2015-11-02,4844,4844,4991,4844,4939,711826
2015-11-03,5077,5077,5138,4844,4844,848601
2015-11-04,5155,5155,5155,4982,5077,413865
2015-11-05,5285,5285,5432,5060,5112,2120334
2015-11-06,5112,5112,5302,5086,5285,738271
2015-11-09,4930,4930,5094,4869,5077,1020772
2015-11-10,5034,5034,5034,4800,4887,641178
2015-11-11,4982,4982,5051,4973,4982,408425
2015-11-12,4991,4991,5103,4956,4956,343067
2015-11-13,5198,5198,5302,4921,4921,1250931
2015-11-16,5155,5155,5241,5051,5068,558425
2015-11-17,5319,5319,5319,5155,5190,927218
2015-11-18,5285,5285,5380,5276,5293,878207
2015-11-19,5345,5345,5440,5259,5285,1136941
2015-11-20,5250,5250,5345,5198,5337,718575
2015-11-23,5224,5224,5319,5215,5319,551006
2015-11-24,5241,5241,5285,5207,5233,399469
2015-11-25,5224,5224,5285,5198,5276,427236
2015-11-26,5449,5449,5466,5224,5250,1419114
2015-11-27,6695,6695,6842,5449,5501,28237717
2015-11-30,6660,6660,6963,6487,6574,13785307
2015-12-01,6461,6461,7240,6444,6721,12824201
2015-12-02,6634,6634,6764,6288,6634,5686852
2015-12-03,6712,6712,7049,6478,6625,6726457
2015-12-04,6712,6712,6859,6617,6617,3336464
2015-12-07,6798,6798,7283,6755,6824,8010465
2015-12-08,6314,6314,6842,6314,6738,4149383
2015-12-09,6444,6444,6556,6193,6314,3712621
2015-12-10,6236,6236,6461,6072,6383,2585883
2015-12-11,6219,6219,6383,6141,6253,1798216
2015-12-14,5925,5925,6513,5925,6375,4599557
2015-12-15,6340,6340,6383,5951,5951,3754323
2015-12-16,6323,6323,6530,6193,6409,2233405
2015-12-17,6435,6435,6452,6253,6323,1585724
2015-12-18,6383,6383,6513,6331,6375,1221040
2015-12-21,6245,6245,6357,6210,6340,1258587
2015-12-22,6902,6902,6963,6288,6314,8967411
2015-12-23,6747,6747,7153,6677,6928,4463759
2015-12-24,6928,6928,7084,6790,6790,4548191
2015-12-28,6850,6850,7075,6764,6928,2737323
2015-12-29,6747,6747,6868,6574,6764,1880165
2015-12-30,7127,7127,7127,6747,6747,4619795
2016-01-04,6772,6772,7127,6764,7127,2665190
2016-01-05,6816,6816,6937,6617,6660,2528722
2016-01-06,6816,6816,6980,6487,6850,3120830
2016-01-07,6660,6660,6859,6556,6807,1508253
2016-01-08,6530,6530,6625,6375,6496,1411626
2016-01-11,6574,6574,6772,6478,6478,1380463
2016-01-12,6478,6478,6677,6435,6599,1030792
2016-01-13,6513,6513,6643,6478,6539,916949
2016-01-14,6331,6331,6418,6202,6349,1602272
2016-01-15,6115,6115,6435,6106,6418,1353757
2016-01-18,6124,6124,6262,5994,6063,1298623
2016-01-19,6271,6271,6392,6055,6063,1389461
2016-01-20,6037,6037,6323,5933,6288,1198001
2016-01-21,5916,5916,6132,5899,6029,881006
2016-01-22,6072,6072,6236,5951,6011,1037572
2016-01-25,6132,6132,6210,6055,6150,669493
2016-01-26,6037,6037,6132,6003,6046,508041
2016-01-27,5812,5812,6124,5743,6072,1183849
2016-01-28,5907,5907,5985,5769,5769,721798
2016-01-29,5821,5821,5951,5657,5907,875174
2016-02-01,5648,5648,5907,5605,5864,855638
2016-02-02,5622,5622,5717,5596,5622,627817
2016-02-03,5916,5916,5925,5458,5561,1538349
2016-02-04,6011,6011,6011,5838,5916,886332
2016-02-05,5994,5994,6037,5925,6011,536553
2016-02-11,5717,5717,5994,5683,5994,748826
2016-02-12,5267,5267,5709,5138,5579,1664349
2016-02-15,5527,5527,5561,5285,5319,824291
2016-02-16,5657,5657,5691,5536,5536,348304
2016-02-17,5527,5527,5709,5510,5683,374391
2016-02-18,5734,5734,5899,5579,5622,563234
2016-02-19,5804,5804,5821,5648,5717,327224
2016-02-22,5795,5795,5830,5700,5804,302080
2016-02-23,5933,5933,6072,5743,5804,1130167
2016-02-24,5882,5882,5977,5847,5899,453350
2016-02-25,5778,5778,5821,5683,5700,716730
2016-02-26,5907,5907,5907,5778,5812,348714
2016-02-29,5596,5596,5968,5518,5864,1255586
2016-03-02,5795,5795,5847,5596,5596,511945
2016-03-03,5726,5726,5812,5691,5804,291514
2016-03-04,5804,5804,6037,5691,5691,643522
2016-03-07,5812,5812,5907,5778,5804,421795
2016-03-08,5752,5752,5838,5587,5838,583222
2016-03-09,5657,5657,5804,5605,5795,540915
2016-03-10,5613,5613,5709,5544,5657,493175
2016-03-11,5579,5579,5665,5579,5622,414014
2016-03-14,5795,5795,5933,5709,5717,1307744
2016-03-15,5795,5795,5847,5752,5812,386014
2016-03-16,5959,5959,6020,5760,5830,1102121
2016-03-17,6003,6003,6080,5916,6003,981857
2016-03-18,5561,5561,5951,5527,5951,2456452
2016-03-21,5605,5605,5847,5587,5760,1097640
2016-03-22,5734,5734,5752,5527,5631,846134
2016-03-23,5709,5709,5830,5657,5700,863700
2016-03-24,5544,5544,5717,5423,5665,1407808
2016-03-25,5449,5449,5838,5319,5743,2162491
2016-03-28,5146,5146,5414,5068,5380,2580662
2016-03-29,5181,5181,5319,5164,5172,1299566
2016-03-30,4895,4895,5181,4895,5146,1777736
2016-03-31,5233,5233,5328,4999,5008,2178396
2016-04-01,5112,5112,5276,5112,5207,820128
2016-04-04,5388,5388,5432,5112,5215,1350254
2016-04-05,5397,5397,5475,5319,5371,788900
2016-04-06,5311,5311,5414,5285,5354,515335
2016-04-07,5276,5276,5440,5259,5285,684255
2016-04-08,5190,5190,5311,5086,5276,948792
2016-04-11,5553,5553,5648,5267,5319,3036369
2016-04-12,5596,5596,5605,5397,5553,1423970
2016-04-14,4454,4454,5596,4420,5596,5832919
2016-04-15,4498,4498,4584,4454,4523,1830470
2016-04-18,4333,4333,4549,4312,4506,1669267
2016-04-19,4411,4411,4489,4359,4411,1139080
2016-04-20,4420,4420,4498,4402,4411,976114
2016-04-21,4472,4472,4523,4385,4489,1309681
2016-04-22,4299,4299,4489,4273,4437,1456006
2016-04-25,3983,3983,4286,3948,4264,3882646
2016-04-26,3970,3970,4043,3970,3983,1331874
2016-04-27,3966,3966,4039,3953,3987,951669
2016-04-28,4013,4013,4082,3974,3979,1180426
2016-04-29,3970,3970,4039,3957,4039,701745
2016-05-02,3806,3806,3970,3784,3953,1193773
2016-05-03,3966,3966,4004,3862,3870,1206014
2016-05-04,3741,3741,3892,3736,3857,1341016
2016-05-09,3602,3602,3762,3550,3741,1367268
2016-05-10,3741,3741,3741,3563,3563,739702
2016-05-11,3736,3736,3784,3702,3771,468210
2016-05-12,3797,3797,3836,3693,3693,572156
2016-05-13,3654,3654,3806,3641,3793,886814
2016-05-16,3827,3827,3909,3654,3658,1474602
2016-05-17,3771,3771,3827,3702,3797,647890
2016-05-18,3806,3806,3922,3745,3840,1212354
2016-05-19,3728,3728,3888,3728,3849,613459
2016-05-20,3927,3927,4013,3706,3728,1317980
2016-05-23,3987,3987,4095,3909,3940,1241377
2016-05-24,3927,3927,4152,3927,4069,1628704
2016-05-25,4523,4523,4653,3966,3974,12611162
2016-05-26,4134,4134,4277,4091,4186,4496279
2016-05-27,4026,4026,4195,3983,4130,1796205
2016-05-30,4147,4147,4251,4000,4022,2293930
2016-05-31,4238,4238,4290,4117,4121,1631472
2016-06-01,4147,4147,4255,4130,4221,962361
2016-06-02,4342,4342,4394,4195,4195,2436325
2016-06-03,4463,4463,4558,4273,4359,2051426
2016-06-07,4368,4368,4558,4333,4463,1361611
2016-06-08,4264,4264,4402,4229,4359,1111832
2016-06-09,4156,4156,4325,4134,4325,1020592
2016-06-10,4173,4173,4199,4108,4134,512364
2016-06-13,4009,4009,4126,4000,4100,659361
2016-06-14,3918,3918,3992,3857,3935,859276
2016-06-15,3918,3918,4004,3870,3961,469547
2016-06-16,3788,3788,3979,3762,3918,917934
2016-06-17,3870,3870,3931,3797,3814,472004
2016-06-20,3979,3979,4000,3819,3866,494053
2016-06-21,3970,3970,4030,3909,3979,465721
2016-06-22,4121,4121,4402,3979,4013,3281907
2016-06-23,4022,4022,4100,3987,4065,706167
2016-06-24,3767,3767,4152,3581,4078,2120520
2016-06-27,3767,3767,3849,3602,3602,893471
2016-06-28,3806,3806,3840,3693,3702,462700
2016-06-29,3853,3853,3948,3836,3849,571373
2016-06-30,3888,3888,3935,3879,3888,280357
2016-07-01,4048,4048,4160,3927,3931,1393642
2016-07-04,4100,4100,4195,4069,4091,675652
2016-07-05,4229,4229,4307,4104,4182,1500097
2016-07-06,4169,4169,4229,4091,4169,786000
2016-07-07,4238,4238,4264,4156,4264,733217
2016-07-08,4221,4221,4359,4190,4221,1013787
2016-07-11,4221,4221,4299,4190,4290,537413
2016-07-12,4216,4216,4264,4160,4225,530323
2016-07-13,4303,4303,4342,4221,4229,1100063
2016-07-14,4212,4212,4325,4165,4325,729856
2016-07-15,4212,4212,4549,4186,4498,2437948
2016-07-18,4130,4130,4216,4108,4212,532337
2016-07-19,4177,4177,4273,4160,4208,936953
2016-07-20,4173,4173,4212,4152,4152,442356
2016-07-21,4160,4160,4212,4160,4182,344866
2016-07-22,4273,4273,4286,4165,4165,651828
2016-07-25,4268,4268,4350,4255,4281,626509
2016-07-26,4286,4286,4299,4221,4251,410069
2016-07-27,4268,4268,4312,4260,4307,376176
2016-07-28,4251,4251,4299,4247,4299,267854
2016-07-29,4225,4225,4277,4221,4255,222076
2016-08-01,4376,4376,4385,4221,4229,1133160
2016-08-02,4325,4325,4402,4316,4359,581383
2016-08-03,4199,4199,4316,4199,4316,633144
2016-08-04,4203,4203,4281,4177,4177,360136
2016-08-05,4333,4333,4342,4225,4273,847847
2016-08-08,4532,4532,4619,4277,4350,3899651
2016-08-09,4350,4350,4645,4303,4601,3686146
2016-08-10,4004,4004,4082,3901,3979,3863536
2016-08-11,3935,3935,4022,3935,4004,936593
2016-08-12,4004,4004,4043,3966,3966,758044
2016-08-16,3961,3961,4048,3961,4004,622001
2016-08-17,3862,3862,3935,3819,3922,898751
2016-08-18,3827,3827,3918,3827,3849,456141
2016-08-19,3870,3870,3870,3814,3814,273022
2016-08-22,3810,3810,3901,3801,3875,381889
2016-08-23,3831,3831,3862,3801,3849,354397
2016-08-24,3914,3914,4065,3831,3875,699508
2016-08-25,4065,4065,4139,3940,4056,2334289
2016-08-26,4056,4056,4126,4017,4104,702928
2016-08-29,4074,4074,4255,4004,4035,1157525
2016-08-30,4126,4126,4199,4095,4104,488593
2016-08-31,4030,4030,4160,4026,4134,573056
2016-09-01,4173,4173,4221,4039,4039,752375
2016-09-02,4234,4234,4238,4113,4169,557413
2016-09-05,4229,4229,4359,4229,4251,944707
2016-09-06,4325,4325,4350,4203,4203,848958
2016-09-07,4325,4325,4523,4320,4411,2116199
2016-09-08,4307,4307,4480,4147,4402,1564708
2016-09-09,4307,4307,4584,4307,4584,1937623
2016-09-12,4312,4312,4350,4169,4177,562721
2016-09-13,4333,4333,4411,4299,4312,525915
2016-09-19,4368,4368,4428,4212,4333,1078243
2016-09-20,4472,4472,4619,4376,4376,1718130
2016-09-21,4480,4480,4601,4463,4506,857156
2016-09-22,4411,4411,4575,4411,4463,656149
2016-09-23,4515,4515,4567,4368,4463,676166
2016-09-26,4480,4480,4818,4454,4601,2732215
2016-09-27,4428,4428,4498,4402,4437,704778
2016-09-28,4394,4394,4463,4333,4437,570716
2016-09-29,4342,4342,4446,4342,4385,594764
2016-09-30,4225,4225,4385,4221,4376,698229
2016-10-04,4229,4229,4290,4195,4225,376251
2016-10-05,4225,4225,4281,4160,4208,423716
2016-10-06,4143,4143,4264,4121,4203,514885
2016-10-07,4061,4061,4186,4017,4147,726512
2016-10-10,3974,3974,4100,3974,4061,455545
2016-10-11,3953,3953,4030,3918,3983,554119
2016-10-12,3953,3953,3992,3918,3918,334085
2016-10-13,4017,4017,4182,3953,3953,879532
2016-10-14,3966,3966,4056,3966,4017,269331
2016-10-17,3866,3866,3966,3866,3961,305420
2016-10-18,3883,3883,3927,3806,3806,268853
2016-10-19,3866,3866,3909,3862,3883,182893
2016-10-20,3892,3892,4013,3840,3840,270994
2016-10-21,3883,3883,3944,3879,3896,130110
2016-10-24,4074,4074,4199,3806,3922,2059154
2016-10-25,3862,3862,4056,3862,4026,706479
2016-10-26,3983,3983,4190,3883,3909,2197046
2016-10-27,4100,4100,4130,3996,3996,602883
2016-10-28,4152,4152,4186,4052,4108,695151
2016-10-31,4165,4165,4506,4160,4195,9178904
2016-11-01,4074,4074,4312,4026,4108,2214338
2016-11-02,3814,3814,4108,3806,4104,1273413
2016-11-03,3723,3723,3844,3719,3719,735971
2016-11-04,3775,3775,3922,3693,3719,1138119
2016-11-07,3849,3849,4039,3762,3806,1479095
2016-11-08,3866,3866,3918,3806,3862,504090
2016-11-09,3516,3516,3875,3373,3866,1364828
2016-11-10,3650,3650,3684,3589,3602,507058
2016-11-11,3697,3697,3710,3576,3615,509721
2016-11-14,3702,3702,3831,3697,3780,564953
2016-11-15,3736,3736,3754,3598,3637,480094
2016-11-16,3689,3689,3754,3671,3710,373259
2016-11-17,3598,3598,3689,3576,3646,598900
2016-11-18,3503,3503,3650,3442,3598,633101
2016-11-21,3468,3468,3641,3377,3490,945210
2016-11-22,3460,3460,3503,3429,3472,423179
2016-11-23,2547,2547,2854,2465,2672,9933426
2016-11-24,2543,2543,2672,2538,2612,2789775
2016-11-25,2595,2595,2638,2543,2543,1160251
2016-11-28,2560,2560,2651,2560,2646,809806
2016-11-29,2603,2603,2651,2538,2543,1192850
2016-11-30,2491,2491,2599,2426,2586,1993278
2016-12-01,2495,2495,2504,2430,2495,825157
2016-12-02,2478,2478,2547,2465,2478,636585
2016-12-05,2387,2387,2491,2387,2478,728984
2016-12-06,2447,2447,2465,2370,2370,660345
2016-12-07,2274,2274,2460,2266,2434,1126578
2016-12-08,2365,2365,2404,2283,2283,862072
2016-12-09,2460,2460,2551,2344,2404,959643
2016-12-12,2447,2447,2486,2430,2460,644380
2016-12-13,2590,2590,2832,2569,2616,7084464
2016-12-14,2504,2504,2633,2499,2603,1328793
2016-12-15,2538,2538,2573,2456,2491,820413
2016-12-16,2538,2538,2595,2512,2530,691463
2016-12-19,2508,2508,2560,2504,2530,450192
2016-12-20,2551,2551,2603,2508,2508,1005633
2016-12-21,2560,2560,2659,2556,2646,1140428
2016-12-22,2512,2512,2573,2512,2573,430645
2016-12-23,2612,2612,2642,2508,2512,1308073
2016-12-26,2560,2560,2646,2525,2616,824853
2016-12-27,2491,2491,2607,2491,2551,460330
2016-12-28,2534,2534,2556,2469,2495,367250
2016-12-29,2504,2504,2543,2495,2525,432136
2017-01-02,2443,2443,2517,2430,2504,513783
2017-01-03,2530,2530,2534,2439,2439,427650
2017-01-04,2560,2560,2586,2512,2534,606468
2017-01-05,2595,2595,2664,2564,2573,654867
2017-01-06,2707,2707,2789,2595,2603,2381623
2017-01-09,2590,2590,2720,2577,2720,967724
2017-01-10,2530,2530,2620,2521,2599,765641
2017-01-11,2547,2547,2603,2534,2534,517264
2017-01-12,2629,2629,2642,2538,2538,943227
2017-01-13,2569,2569,2672,2560,2633,693348
2017-01-16,2491,2491,2586,2486,2569,512297
2017-01-17,2504,2504,2547,2452,2452,452582
2017-01-18,2504,2504,2530,2482,2508,250034
2017-01-19,2504,2504,2551,2504,2512,316213
2017-01-20,2551,2551,2595,2495,2495,810815
2017-01-23,2534,2534,2595,2525,2538,438984
2017-01-24,2404,2404,2556,2404,2538,741987
2017-01-25,2326,2326,2422,2326,2404,530929
2017-01-26,2318,2318,2357,2313,2326,359650
2017-01-31,2279,2279,2344,2261,2318,384360
2017-02-01,2318,2318,2335,2266,2270,315125
2017-02-02,2383,2383,2473,2339,2361,1620491
2017-02-03,2504,2504,2659,2409,2409,4972737
2017-02-06,2564,2564,2573,2443,2551,1246154
2017-02-07,2543,2543,2612,2504,2556,914788
2017-02-08,2465,2465,2733,2460,2543,5371592
2017-02-09,2664,2664,2672,2482,2486,3490651
2017-02-10,2655,2655,2711,2590,2707,2009905
2017-02-13,2521,2521,2616,2521,2612,1019157
2017-02-14,2560,2560,2569,2499,2517,801185
2017-02-15,2582,2582,2659,2577,2642,1697211
2017-02-16,2482,2482,2556,2469,2556,1462510
2017-02-17,2582,2582,2607,2465,2491,1613426
2017-02-20,2521,2521,2599,2521,2577,774119
2017-02-21,2556,2556,2564,2504,2530,780011
2017-02-22,2482,2482,2556,2473,2538,917315
2017-02-23,2413,2413,2486,2409,2469,827356
2017-02-24,2357,2357,2374,2270,2300,955621
2017-02-27,2322,2322,2370,2300,2361,604739
2017-02-28,2274,2274,2352,2253,2309,614432
2017-03-02,2162,2162,2313,2153,2274,1131575
2017-03-03,2058,2058,2179,2019,2153,1033348
2017-03-06,2084,2084,2145,2032,2076,514038
2017-03-07,2110,2110,2136,2076,2076,372690
2017-03-08,2101,2101,2136,2084,2119,351221
2017-03-09,2123,2123,2145,2093,2132,715561
2017-03-10,2123,2123,2145,1972,2119,708263
2017-03-13,2084,2084,2127,2076,2123,582190
2017-03-14,2015,2015,2093,2002,2093,757279
2017-03-15,2024,2024,2041,1976,2019,830777
2017-03-16,2058,2058,2162,1989,2028,2007309
2017-03-17,1998,1998,2063,1989,2058,904879
2017-03-20,1890,1890,1998,1877,1980,1012093
2017-03-21,1868,1868,1933,1868,1872,525921
2017-03-22,1851,1851,1881,1825,1864,629948
2017-03-23,1872,1872,1907,1846,1868,521977
2017-03-24,1864,1864,1894,1842,1872,432047
2017-03-27,1751,1751,1868,1717,1864,1311741
2017-03-28,1833,1833,1833,1760,1760,679492
2017-03-29,1786,1786,1842,1781,1820,558748
2017-03-30,1846,1846,1933,1760,1781,1108462
2017-03-31,1894,1894,1907,1838,1838,684922
2017-04-03,1898,1898,1937,1872,1924,449399
2017-04-04,1842,1842,1903,1829,1890,567245
2017-04-05,1851,1851,1872,1816,1842,194598
2017-04-06,1812,1812,1868,1812,1851,323883
2017-04-07,1842,1842,1855,1803,1812,262989
2017-04-10,1751,1751,1851,1738,1842,709328
2017-04-11,1799,1799,1833,1742,1751,453406
2017-04-12,1768,1768,1829,1760,1794,341995
2017-04-13,1773,1773,1790,1755,1760,213985
2017-04-14,1764,1764,1803,1755,1768,257009
2017-04-17,1799,1799,1807,1764,1773,220358
2017-04-18,1764,1764,1807,1764,1799,271642
2017-04-19,1790,1790,1799,1764,1764,380932
2017-04-20,1781,1781,1812,1768,1781,361863
2017-04-21,1768,1768,1794,1764,1786,271090
2017-04-24,1704,1704,1777,1691,1768,869315
2017-04-25,1704,1704,1725,1691,1708,290523
2017-04-26,1730,1730,1768,1708,1708,557449
2017-04-27,1738,1738,1751,1725,1738,243858
2017-04-28,1721,1721,1751,1721,1738,249705
2017-05-02,1682,1682,1734,1673,1721,655954
2017-05-04,1695,1695,1708,1643,1682,277763
2017-05-08,1725,1725,1747,1673,1695,502248
2017-05-10,1747,1747,1777,1730,1730,508610
2017-05-11,1730,1730,1773,1725,1738,311443
2017-05-12,1734,1734,1751,1721,1730,278272
2017-05-15,1340,1340,1453,1323,1427,5209453
2017-05-16,1392,1392,1396,1319,1349,2290822
2017-05-17,1388,1388,1509,1384,1418,4250217
2017-05-18,1388,1388,1409,1358,1388,767983
2017-05-19,1418,1418,1418,1375,1375,663822
2017-05-22,1418,1418,1457,1414,1444,844695
2017-05-23,1422,1422,1444,1418,1418,551886
2017-05-24,1453,1453,1470,1422,1422,779334
2017-05-25,1440,1440,1453,1422,1444,400889
2017-05-26,1422,1422,1453,1414,1444,697067
2017-05-29,1392,1392,1435,1384,1427,915474
2017-05-30,1427,1427,1453,1366,1366,1868127
2017-05-31,1475,1475,1490,1430,1475,1402746
2017-06-01,1445,1445,1485,1440,1455,367549
2017-06-02,1465,1465,1475,1435,1455,455721
2017-06-05,1460,1460,1465,1440,1455,248103
2017-06-07,1475,1475,1540,1450,1460,865999
2017-06-08,1470,1470,1500,1445,1475,367687
2017-06-09,1485,1485,1485,1445,1460,275352
2017-06-12,1465,1465,1500,1455,1480,225484
2017-06-13,1505,1505,1510,1465,1465,327554
2017-06-14,1505,1505,1520,1485,1515,205595
2017-06-15,1475,1475,1495,1470,1490,195035
2017-06-16,1475,1475,1490,1455,1480,237421
2017-06-19,1445,1445,1485,1435,1480,376497
2017-06-20,1415,1415,1445,1405,1420,427100
2017-06-21,1325,1325,1415,1320,1415,943711
2017-06-22,1355,1355,1365,1320,1320,430865
2017-06-23,1405,1405,1450,1320,1340,903416
2017-06-26,1355,1355,1420,1355,1395,383482
2017-06-27,1390,1390,1485,1340,1360,2029024
2017-06-28,1410,1410,1440,1360,1390,945005
2017-06-29,1415,1415,1435,1385,1410,339268
2017-06-30,1360,1360,1415,1350,1415,804635
2017-07-03,1340,1340,1360,1305,1360,634298
2017-07-04,1300,1300,1350,1290,1330,595068
2017-07-05,1340,1340,1420,1295,1295,1477387
2017-07-06,1350,1350,1400,1340,1350,859212
2017-07-07,1505,1505,1555,1325,1330,8467024
2017-07-10,1470,1470,1510,1420,1455,2318121
2017-07-11,1475,1475,1565,1445,1470,4243268
2017-07-12,1530,1530,1570,1470,1480,3380837
2017-07-13,1510,1510,1610,1505,1525,2767003
2017-07-14,1415,1415,1485,1400,1470,1588837
2017-07-17,1375,1375,1430,1345,1420,667167
2017-07-18,1340,1340,1390,1330,1380,640408
2017-07-19,1350,1350,1365,1320,1330,340034
2017-07-20,1355,1355,1380,1335,1355,395777
2017-07-21,1350,1350,1400,1350,1365,1012478
2017-07-24,1320,1320,1365,1305,1350,614603
2017-07-25,1170,1170,1225,1165,1210,4889406
2017-07-26,1140,1140,1195,1135,1180,1724512
2017-07-27,1145,1145,1170,1100,1140,3209656
2017-07-28,1135,1135,1140,1115,1140,1241473
2017-07-31,1080,1080,1130,1035,1120,1657098
2017-08-01,1095,1095,1115,1075,1080,1115066
2017-08-02,1085,1085,1125,1085,1105,792641
2017-08-03,1060,1060,1095,1055,1090,1100645
2017-08-04,1080,1080,1100,1050,1060,917345
2017-08-07,1100,1100,1110,1065,1085,917742
2017-08-08,1100,1100,1140,1095,1100,1543735
2017-08-09,1110,1110,1130,1095,1095,1293612
2017-08-10,1075,1075,1125,1050,1115,1810192
2017-08-11,1025,1025,1055,1015,1055,1500354
2017-08-14,1020,1020,1040,1010,1025,712240
2017-08-16,1050,1050,1050,1020,1020,892267
2017-08-17,1065,1065,1075,1040,1050,615579
2017-08-18,1055,1055,1075,1050,1060,789290
2017-08-21,1060,1060,1065,1045,1055,469169
2017-08-22,1085,1085,1100,1055,1060,1305844
2017-08-23,1120,1120,1130,1090,1095,1226057
2017-08-24,1110,1110,1125,1090,1120,766819
2017-08-25,1135,1135,1175,1085,1105,4018331
2017-08-28,1110,1110,1145,1110,1145,691930
2017-08-29,1095,1095,1115,1080,1105,810086
2017-08-30,1120,1120,1120,1085,1095,538254
2017-08-31,1100,1100,1125,1095,1125,437368
2017-09-01,1280,1280,1430,1095,1100,37128024
2017-09-04,1350,1350,1390,1245,1245,15170999
2017-09-05,1385,1385,1450,1340,1405,10056486
2017-09-06,1400,1400,1400,1320,1395,4948954
2017-09-07,1405,1405,1460,1365,1450,5762754
2017-09-08,1325,1325,1405,1315,1405,3466917
2017-09-11,1310,1310,1385,1280,1335,4414320
2017-09-12,1485,1485,1575,1315,1340,26339802
2017-09-13,1495,1495,1510,1440,1455,7489679
2017-09-14,1495,1495,1515,1420,1480,5765722
2017-09-15,1590,1590,1665,1460,1485,20176967
2017-09-18,1575,1575,1655,1565,1625,5795380
2017-09-19,1520,1520,1615,1490,1580,3783773
2017-09-20,1450,1450,1545,1450,1520,3311522
2017-09-21,1455,1455,1500,1400,1450,3200578
2017-09-25,1355,1355,1480,1275,1455,5260358
2017-09-26,1355,1355,1355,1355,1355,0
2017-09-27,1330,1330,1385,1310,1310,1680638
2017-09-28,1320,1320,1385,1305,1360,1521232
2017-09-29,1315,1315,1335,1300,1320,777032
2017-10-10,1170,1170,1330,1170,1315,2334227
2017-10-11,1200,1200,1245,1175,1180,2008079
2017-10-12,1215,1215,1240,1200,1210,1093053
2017-10-13,1160,1160,1230,1145,1220,1548576
2017-10-16,1175,1175,1185,1120,1175,1019299
2017-10-17,1205,1205,1225,1165,1180,1459112
2017-10-18,1200,1200,1225,1175,1205,1353496
2017-10-19,1170,1170,1210,1160,1195,1056156
2017-10-20,1185,1185,1190,1155,1190,749544
2017-10-23,1175,1175,1215,1165,1180,1069103
2017-10-24,1210,1210,1235,1165,1175,2080016
2017-10-25,1205,1205,1230,1195,1210,882981
2017-10-26,1215,1215,1285,1200,1210,3456123
2017-10-27,1280,1280,1290,1215,1240,2129716
2017-10-30,1275,1275,1310,1255,1285,1302464
2017-10-31,1300,1300,1305,1255,1275,1353423
2017-11-01,1295,1295,1320,1280,1305,886037
2017-11-02,1265,1265,1300,1250,1300,1129410
2017-11-03,1260,1260,1275,1240,1265,662450
2017-11-06,1295,1295,1305,1255,1265,1297855
2017-11-07,1355,1355,1370,1295,1295,2902839
2017-11-08,1340,1340,1380,1310,1355,1733647
2017-11-09,1370,1370,1385,1320,1340,1656452
2017-11-10,1345,1345,1405,1345,1375,1247371
2017-11-13,1295,1295,1345,1290,1340,1261820
2017-11-14,1285,1285,1325,1275,1310,855087
2017-11-15,1215,1215,1295,1215,1280,1575219
2017-11-16,1295,1295,1300,1200,1215,1786328
2017-11-17,1315,1315,1315,1270,1290,1053534
2017-11-20,1305,1305,1340,1295,1335,1025574
2017-11-21,1290,1290,1345,1285,1310,1330700
2017-11-22,1360,1360,1385,1260,1290,2768713
2017-11-23,1500,1500,1555,1365,1370,15608421
2017-11-24,1500,1500,1590,1435,1530,9365508
2017-11-27,1465,1465,1530,1455,1530,2536955
2017-11-28,1375,1375,1455,1370,1445,3445807
2017-11-29,1340,1340,1405,1310,1380,2585399
2017-11-30,1320,1320,1350,1295,1340,1560607
2017-12-01,1335,1335,1345,1290,1325,1062851
2017-12-04,1350,1350,1365,1320,1335,1203818
2017-12-05,1400,1400,1435,1345,1360,3053527
2017-12-06,1355,1355,1425,1350,1400,1807747
2017-12-07,1350,1350,1375,1305,1360,1189202
2017-12-08,1310,1310,1350,1310,1350,859159
2017-12-11,1305,1305,1320,1270,1310,983723
2017-12-12,1300,1300,1320,1285,1315,503958
2017-12-13,1330,1330,1340,1295,1295,803402
2017-12-14,1360,1360,1395,1335,1350,1238066
2017-12-15,1325,1325,1380,1325,1380,827710
2017-12-18,1330,1330,1360,1290,1335,972672
2017-12-19,1285,1285,1340,1275,1330,1036330
2017-12-21,1235,1235,1315,1235,1285,997382
2017-12-22,1250,1250,1265,1205,1210,872533
2017-12-26,1215,1215,1255,1215,1250,619761
2017-12-27,1215,1215,1245,1175,1200,644288
2017-12-28,1260,1260,1260,1195,1205,532610
2018-01-01,1260,1260,1260,1260,1260,0
2018-01-02,1285,1285,1290,1240,1255,666458
2018-01-03,1300,1300,1335,1280,1290,840622
2018-01-04,1315,1315,1330,1275,1330,1024268
2018-01-05,1300,1300,1345,1290,1335,765418
2018-01-08,1350,1350,1350,1290,1300,1113687
2018-01-09,1330,1330,1380,1320,1355,1009313
2018-01-10,1385,1385,1405,1330,1350,2254739
2018-01-11,1395,1395,1465,1370,1440,3324326
2018-01-12,1320,1320,1400,1315,1395,1947659
2018-01-15,1320,1320,1355,1310,1320,840896
2018-01-16,1320,1320,1355,1310,1315,709164
2018-01-17,1350,1350,1395,1335,1360,1308709
2018-01-18,1345,1345,1380,1325,1375,827442
2018-01-19,1380,1380,1380,1345,1345,1085082
2018-01-22,1390,1390,1405,1350,1400,1009958
2018-01-23,1395,1395,1445,1370,1400,1977182
2018-01-24,1495,1495,1495,1395,1395,3685014
2018-01-25,1520,1520,1520,1440,1505,3190883
2018-01-26,1480,1480,1555,1475,1540,2777598
2018-01-29,1535,1535,1560,1465,1500,3584538
2018-01-30,1505,1505,1560,1470,1540,2188761
2018-01-31,1460,1460,1490,1430,1490,1437229
2018-02-01,1485,1485,1535,1460,1490,2628585
2018-02-02,1470,1470,1495,1435,1490,1435818
2018-02-05,1460,1460,1515,1420,1440,2080240
2018-02-06,1420,1420,1420,1355,1400,1752559
2018-02-07,1390,1390,1465,1390,1465,1025428
2018-02-08,1435,1435,1450,1375,1375,794943
2018-02-09,1425,1425,1445,1375,1375,1060246
2018-02-12,1425,1425,1455,1420,1420,747811
2018-02-13,1445,1445,1465,1420,1430,777924
2018-02-14,1425,1425,1470,1390,1470,1041429
2018-02-15,1425,1425,1425,1425,1425,0
2018-02-16,1425,1425,1425,1425,1425,0
2018-02-19,1850,1850,1850,1430,1440,45760529
2018-02-20,1885,1885,2060,1820,2010,36782657
2018-02-21,1915,1915,1950,1790,1845,15541034
2018-02-22,1845,1845,1900,1810,1860,2953381
2018-02-23,1950,1950,1950,1865,1905,2860125
2018-02-26,1930,1930,1965,1905,1950,2162501
2018-02-27,1995,1995,2170,1925,1950,26109165
2018-02-28,1855,1855,2065,1820,1995,6807150
2018-03-02,1940,1940,1970,1760,1820,5401136
2018-03-05,2065,2065,2140,1950,1965,13547579
2018-03-06,2045,2045,2180,2010,2180,4522159
2018-03-07,2055,2055,2145,2000,2050,4782450
2018-03-08,2055,2055,2135,2030,2115,3649878
2018-03-09,2010,2010,2065,1945,2055,5021909
2018-03-12,2000,2000,2040,1965,2010,2693436
2018-03-13,2030,2030,2060,1970,1995,3397614
2018-03-14,2120,2120,2135,2000,2005,4554098
2018-03-15,2100,2100,2135,2050,2105,2098462
2018-03-16,2175,2175,2175,2050,2085,4103950
2018-03-19,2210,2210,2285,2120,2230,5633313
2018-03-20,2355,2355,2395,2165,2185,9359008
2018-03-21,2430,2430,2615,2365,2375,13674625
2018-03-22,2300,2300,2535,2220,2465,6852466
2018-03-23,2335,2335,2380,2155,2165,5347277
2018-03-26,2505,2505,2575,2335,2380,7888342
2018-03-27,2510,2510,2575,2420,2535,4265647
2018-03-28,2505,2505,2590,2455,2455,3269086
2018-03-29,2525,2525,2555,2465,2530,1873718
2018-03-30,2495,2495,2555,2470,2555,2124002
2018-04-02,2365,2365,2485,2330,2450,3093616
2018-04-03,2375,2375,2430,2310,2330,1903013
2018-04-04,2205,2205,2385,2155,2380,4422883
2018-04-05,2210,2210,2285,2170,2240,2194308
2018-04-06,2040,2040,2235,1995,2220,5613820
2018-04-09,2060,2060,2095,2005,2035,1983320
2018-04-10,2125,2125,2165,2010,2050,2675738
2018-04-11,2055,2055,2150,2025,2150,2121167
2018-04-12,2060,2060,2130,2055,2075,2053412
2018-04-13,2410,2410,2625,2150,2170,26353321
2018-04-16,2430,2430,2590,2410,2460,7347426
2018-04-17,2460,2460,2570,2420,2570,4284517
2018-04-18,2345,2345,2485,2310,2485,3859433
2018-04-19,2475,2475,2500,2215,2290,6001095
2018-04-20,2390,2390,2485,2375,2480,2716189
2018-04-23,2350,2350,2505,2330,2460,3220683
2018-04-24,2280,2280,2375,2255,2330,1439997
2018-04-25,2285,2285,2350,2230,2275,1418512
2018-04-26,2340,2340,2365,2290,2320,1416080
2018-04-27,2250,2250,2360,2220,2355,2419011
2018-04-30,2275,2275,2290,2155,2260,2569019
2018-05-02,2310,2310,2355,2230,2275,2233305
2018-05-03,2180,2180,2310,2180,2305,2262756
2018-05-04,2210,2210,2220,2150,2150,1122622
2018-05-08,2100,2100,2220,2100,2200,1297466
2018-05-09,2125,2125,2150,1980,2090,1228452
2018-05-10,2200,2200,2210,2120,2145,865087
2018-05-11,2185,2185,2220,2155,2200,752721
2018-05-14,2335,2335,2365,2170,2170,3271185
2018-05-15,2250,2250,2335,2250,2335,1335310
2018-05-16,2055,2055,2210,2040,2125,2226644
2018-05-17,2070,2070,2150,2030,2030,1091711
2018-05-18,2195,2195,2230,2085,2095,1392231
2018-05-21,2140,2140,2250,2130,2220,942857
2018-05-23,2105,2105,2145,2080,2140,746024
2018-05-24,2075,2075,2130,2030,2115,955875
2018-05-25,2030,2030,2060,1980,2020,1233854
2018-05-28,2105,2105,2130,2040,2055,1253001
2018-05-29,2040,2040,2110,2030,2110,1020690
2018-05-30,2005,2005,2055,1980,2040,932501
2018-05-31,2025,2025,2035,1985,2005,683497
2018-06-01,2020,2020,2095,1870,2020,2942784
2018-06-04,1970,1970,2045,1950,2040,874768
2018-06-05,1990,1990,2005,1950,1955,746651
2018-06-07,2035,2035,2145,2000,2060,2344890
2018-06-08,2075,2075,2105,2000,2015,1918614
2018-06-11,2095,2095,2150,2080,2135,1102128
2018-06-12,2145,2145,2150,2055,2110,1902538
2018-06-14,2260,2260,2260,2115,2180,3067353
2018-06-15,2155,2155,2345,2150,2270,4662965
2018-06-18,2265,2265,2400,2090,2155,8753955
2018-06-19,2130,2130,2335,2100,2270,3196297
2018-06-20,2115,2115,2150,2055,2110,1593665
2018-06-21,2115,2115,2230,2105,2150,2019612
2018-06-22,2090,2090,2155,2020,2110,1457726
2018-06-25,2220,2220,2285,2095,2095,5202054
2018-06-26,2240,2240,2360,2170,2170,5759450
2018-06-27,2155,2155,2310,2150,2265,3482103
2018-06-28,2205,2205,2230,2150,2155,2164785
2018-06-29,2235,2235,2240,2130,2205,1987865
2018-07-02,2235,2235,2365,2220,2280,7625835
2018-07-03,2150,2150,2400,2070,2390,6524000
2018-07-04,2170,2170,2225,2115,2160,2036106
2018-07-05,2060,2060,2175,2030,2170,2099962
2018-07-06,2040,2040,2115,1950,2100,2646447
2018-07-09,1955,1955,2040,1955,2040,1181747
2018-07-10,2105,2105,2105,1960,1965,1686748
2018-07-11,2055,2055,2105,2025,2105,891102
2018-07-12,2040,2040,2085,2020,2050,959757
2018-07-13,2015,2015,2085,2000,2085,798721
2018-07-16,1980,1980,2055,1955,2020,1283386
2018-07-17,1940,1940,1990,1915,1975,886663
2018-07-18,1760,1760,1955,1725,1940,3299624
2018-07-19,1610,1610,1690,1460,1600,8473662
2018-07-20,1540,1540,1600,1500,1580,2462927
2018-07-23,1390,1390,1565,1380,1520,2303942
2018-07-24,1455,1455,1495,1400,1400,1532015
2018-07-25,1355,1355,1445,1335,1420,1860146
2018-07-26,1425,1425,1440,1345,1355,947217
2018-07-27,1460,1460,1485,1395,1440,948289
2018-07-30,1430,1430,1480,1400,1480,709955
2018-07-31,1430,1430,1435,1395,1420,615672
2018-08-01,1460,1460,1475,1415,1430,700842
2018-08-02,1445,1445,1490,1425,1460,705672
2018-08-03,1465,1465,1480,1440,1450,400924
