Date,Open,High,Low,Close,Volume,Adj_Close
2000-01-04,3290,3290,3010,3100,3200,2029
2000-01-05,3100,3540,3100,3320,9800,2172
2000-01-06,3610,3800,3610,3800,21000,2487
2000-01-07,3800,3800,3450,3480,9500,2277
2000-01-10,3500,3850,3400,3700,3400,2421
2000-01-11,3165,3650,3165,3550,4300,2323
2000-01-12,3200,3700,3200,3500,5600,2290
2000-01-13,3500,3600,3400,3590,4400,2349
2000-01-14,3350,3700,3350,3400,3300,2225
2000-01-17,3410,3410,3300,3310,4900,2166
2000-01-18,3310,3350,3310,3350,3300,2192
2000-01-19,3110,3400,2920,2920,10000,1911
2000-01-20,3000,3300,2950,3300,11200,2159
2000-01-21,3300,3300,3300,3300,2900,2159
2000-01-24,3300,3300,3300,3300,500,2159
2000-01-25,3300,3300,3300,3300,3500,2159
2000-01-26,3200,3390,3200,3200,1700,2094
2000-01-27,3035,3300,3035,3290,4700,2153
2000-01-28,3200,3390,3160,3300,4400,2159
2000-01-31,3280,3300,3210,3210,1300,2100
2000-02-01,3300,3300,3200,3300,9600,2159
2000-02-02,3300,3400,3230,3400,9400,2225
2000-02-03,3300,3550,3300,3550,5400,2323
2000-02-04,3550,3550,3550,3550,0,2323
2000-02-07,3305,3600,3305,3495,3200,2287
2000-02-08,3500,3500,3300,3330,11900,2179
2000-02-09,3495,3550,3490,3550,18400,2323
2000-02-10,3690,4080,3690,4080,15300,2670
2000-02-11,4000,4100,3830,4050,32600,2650
2000-02-14,4100,4100,3840,3900,9000,2552
2000-02-15,4000,4000,3500,3505,5500,2294
2000-02-16,3130,3600,3130,3595,4100,2352
2000-02-17,3500,3500,3240,3270,5700,2140
2000-02-18,3310,3490,3310,3360,4100,2199
2000-02-21,3250,3800,3250,3270,100,2140
2000-02-22,3450,3450,3250,3250,3600,2127
2000-02-23,3100,3600,3100,3600,23200,2356
2000-02-24,3600,3600,3400,3400,4300,2225
2000-02-25,3300,3400,3160,3240,8300,2120
2000-02-28,3200,3350,3110,3120,11200,2042
2000-02-29,3200,3300,3170,3300,8200,2159
2000-03-01,3300,3300,3300,3300,0,2159
2000-03-02,3400,3500,3210,3500,13700,2290
2000-03-03,3500,3700,3250,3400,5300,2225
2000-03-06,3600,3700,3400,3700,16400,2421
2000-03-07,3735,3800,3500,3800,10500,2487
2000-03-08,3900,3900,3800,3800,7300,2487
2000-03-09,3750,3850,3700,3850,9000,2519
2000-03-10,3800,4200,3800,4200,18400,2748
2000-03-13,4830,4830,4830,4830,137600,3161
2000-03-14,4790,4790,4110,4110,79500,2690
2000-03-15,4140,4300,3800,4200,30300,2748
2000-03-16,4000,4200,3835,3860,11200,2526
2000-03-17,3800,4090,3750,3750,10500,2454
2000-03-20,3750,3870,3750,3800,7700,2487
2000-03-21,3750,3850,3550,3850,7300,2519
2000-03-22,3980,4000,3800,4000,25400,2618
2000-03-23,4000,4000,3800,3890,28800,2546
2000-03-24,3990,3990,3885,3900,15500,2552
2000-03-27,4010,4010,3850,3890,13000,2546
2000-03-28,3950,4470,3800,3850,40400,2519
2000-03-29,4000,4000,3800,3800,21800,2487
2000-03-30,3600,3600,3500,3550,11000,2323
2000-03-31,3300,3650,3300,3490,4200,2284
2000-04-03,3260,3600,3260,3400,4700,2225
2000-04-04,3320,3320,3150,3150,11100,2061
2000-04-05,3150,3150,3150,3150,0,2061
2000-04-06,3210,3375,3210,3300,11000,2159
2000-04-07,3300,3345,3155,3260,6200,2133
2000-04-10,3300,3395,3300,3310,10100,2166
2000-04-11,3350,3400,3300,3300,10600,2159
2000-04-12,3350,3350,3300,3300,4900,2159
2000-04-13,3300,3300,3300,3300,0,2159
2000-04-14,3300,3380,3200,3330,8600,2179
2000-04-17,3110,3150,2990,3000,14700,1963
2000-04-18,3100,3150,3000,3150,7500,2061
2000-04-19,3150,3200,3100,3105,16400,2032
2000-04-20,3190,3200,3060,3105,4900,2032
2000-04-21,3105,3150,3050,3100,8000,2029
2000-04-24,3185,3345,3150,3180,5500,2081
2000-04-25,3200,3400,3200,3400,9600,2225
2000-04-26,3390,3415,3200,3210,7200,2100
2000-04-27,3100,3200,3060,3105,3100,2032
2000-04-28,3100,3270,3100,3235,8800,2117
2000-05-01,3235,3235,3235,3235,0,2117
2000-05-02,3195,3230,3105,3105,7600,2032
2000-05-03,3290,3290,3100,3115,6300,2038
2000-05-04,3150,3150,3115,3115,14600,2038
2000-05-05,3115,3115,3115,3115,0,2038
2000-05-08,3115,3200,3115,3150,7300,2061
2000-05-09,3150,3150,3150,3150,0,2061
2000-05-10,3300,3300,3120,3120,2600,2042
2000-05-11,3120,3120,3120,3120,0,2042
2000-05-12,3120,3250,3120,3120,4300,2042
2000-05-15,3100,3100,2930,3000,6000,1963
2000-05-16,3050,3050,3000,3050,8000,1996
2000-05-17,3110,3505,3110,3470,28300,2271
2000-05-18,3400,3400,3120,3135,14500,2051
2000-05-19,3100,3290,3070,3290,10900,2153
2000-05-22,3250,3280,3100,3100,7700,2029
2000-05-23,3110,3200,3000,3100,11400,2029
2000-05-24,3190,3200,2640,3140,7600,2055
2000-05-25,3400,3500,3350,3400,2700,2225
2000-05-26,3300,3400,3100,3100,3900,2029
2000-05-29,3010,3125,3010,3125,6400,2045
2000-05-30,3125,3125,3125,3125,0,2045
2000-05-31,3350,3380,3300,3315,9700,2169
2000-06-01,3300,3300,3105,3300,13200,2159
2000-06-02,3105,3300,3105,3300,6300,2159
2000-06-05,3300,3300,3250,3300,14700,2159
2000-06-06,3300,3300,3300,3300,0,2159
2000-06-07,3250,3290,3120,3200,13700,2094
2000-06-08,3210,3680,3210,3510,37200,2297
2000-06-09,3520,3850,3300,3840,33600,2513
2000-06-12,3600,3840,3600,3800,30700,2487
2000-06-13,3960,3960,3560,3615,9400,2366
2000-06-14,3630,3630,3510,3600,8300,2356
2000-06-15,3600,3600,3350,3350,11500,2192
2000-06-16,3390,3400,3250,3300,1200,2159
2000-06-19,3400,3400,3250,3400,4100,2225
2000-06-20,3300,3430,3300,3300,5300,2159
2000-06-21,3305,3450,3305,3310,3700,2166
2000-06-22,3450,3535,3310,3535,14400,2313
2000-06-23,3490,3490,3370,3375,6300,2208
2000-06-26,3350,3555,3350,3555,14300,2326
2000-06-27,3555,3750,3450,3750,6000,2454
2000-06-28,3490,3680,3490,3490,15500,2284
2000-06-29,3450,3500,3400,3400,26000,2225
2000-06-30,3400,3500,3260,3480,9400,2277
2000-07-03,3475,3500,3300,3350,3800,2192
2000-07-04,3350,3450,3300,3390,3500,2218
2000-07-05,3200,3430,3200,3370,800,2205
2000-07-06,2910,3450,2910,3450,8400,2258
2000-07-07,3400,3400,3300,3320,6600,2172
2000-07-10,3440,3440,3300,3350,3500,2192
2000-07-11,3350,3390,3310,3310,2500,2166
2000-07-12,3300,3370,3260,3350,9600,2192
2000-07-13,3360,3360,3305,3350,11500,2192
2000-07-14,3390,3420,3300,3305,8500,2163
2000-07-17,3305,3305,3305,3305,0,2163
2000-07-18,3260,3370,3260,3300,5200,2159
2000-07-19,3260,3370,3260,3300,5200,2159
2000-07-20,3160,3240,3100,3200,9600,2094
2000-07-21,3200,3250,3190,3230,3600,2114
2000-07-24,3290,3290,2920,3100,19900,2029
2000-07-25,3100,3150,3100,3150,5600,2061
2000-07-26,3150,3150,3110,3110,8200,2035
2000-07-27,3100,3100,2820,2820,22900,1845
2000-07-28,2970,3150,2905,2970,14200,1943
2000-07-31,3000,3075,2985,2985,1000,1953
2000-08-01,3145,3145,2910,3100,4300,2029
2000-08-02,3100,3100,2980,2980,1400,1950
2000-08-03,3100,3200,3025,3150,9300,2061
2000-08-04,3170,3170,3010,3010,8000,1970
2000-08-07,3050,3100,3010,3010,5300,1970
2000-08-08,3360,3460,3360,3460,10500,2264
2000-08-09,3975,3975,3460,3500,78000,2290
2000-08-10,3410,3450,3270,3300,14600,2159
2000-08-11,3310,3350,3300,3350,4400,2192
2000-08-14,3455,3455,3370,3400,14600,2225
2000-08-15,3400,3400,3400,3400,0,2225
2000-08-16,3490,3530,3400,3470,14800,2271
2000-08-17,3450,3660,3450,3560,34800,2330
2000-08-18,3600,3600,3500,3550,20000,2323
2000-08-21,3590,3650,3550,3550,15900,2323
2000-08-22,3600,3640,3500,3600,13400,2356
2000-08-23,3580,3660,3540,3660,18200,2395
2000-08-24,3600,3750,3600,3700,21200,2421
2000-08-25,3790,3790,3630,3650,24300,2388
2000-08-28,3660,3670,3610,3660,21900,2395
2000-08-29,3700,3700,3510,3600,10700,2356
2000-08-30,3600,3750,3560,3750,24700,2454
2000-08-31,3790,3790,3550,3750,17200,2454
2000-09-01,3680,4000,3680,3900,24000,2552
2000-09-04,4150,4200,4000,4190,66200,2742
2000-09-05,4210,4210,3750,3900,38500,2552
2000-09-06,3990,3990,3810,3940,12100,2578
2000-09-07,3930,3930,3670,3800,34200,2487
2000-09-08,3700,3900,3600,3600,25300,2356
2000-09-11,3600,3600,3600,3600,0,2356
2000-09-12,3600,3600,3600,3600,0,2356
2000-09-13,3600,3600,3600,3600,0,2356
2000-09-14,3600,3900,3500,3900,35800,2552
2000-09-15,3950,4100,3820,3950,39200,2585
2000-09-18,3550,3720,3550,3720,6900,2434
2000-09-19,3700,3940,3700,3700,12300,2421
2000-09-20,3610,3845,3610,3820,19300,2500
2000-09-21,3780,4390,3650,4390,85500,2873
2000-09-22,4400,4400,3810,3850,133200,2519
2000-09-25,3510,3800,3510,3690,46900,2415
2000-09-26,3690,3700,3560,3605,32100,2359
2000-09-27,3630,3630,3520,3600,23200,2356
2000-09-28,3600,3650,3510,3550,15100,2323
2000-09-29,3520,3560,3500,3530,23100,2310
2000-10-02,3525,3545,3510,3510,11000,2297
2000-10-03,3510,3510,3510,3510,0,2297
2000-10-04,3560,3560,3500,3540,6700,2316
2000-10-05,3510,3550,3500,3515,20900,2300
2000-10-06,3510,3600,3490,3530,10900,2310
2000-10-09,3610,3610,3505,3505,10800,2294
2000-10-10,3500,3500,3465,3500,11400,2290
2000-10-11,3500,3500,3400,3400,10300,2225
2000-10-12,3350,3400,3330,3380,11100,2212
2000-10-13,3280,3345,3200,3335,15800,2182
2000-10-16,3335,3335,3335,3335,0,2182
2000-10-17,3405,3915,3390,3915,141100,2562
2000-10-18,3900,3900,3490,3500,47400,2290
2000-10-19,3490,3600,3350,3350,17900,2192
2000-10-20,3450,3450,3355,3410,19000,2231
2000-10-23,3300,3420,3300,3350,14700,2192
2000-10-24,3310,3395,3210,3210,30800,2100
2000-10-25,3370,3370,3250,3330,3500,2179
2000-10-26,3330,3330,3200,3200,22900,2094
2000-10-27,3200,3200,3200,3200,0,2094
2000-10-30,3250,3250,3160,3180,7800,2081
2000-10-31,3100,3300,3005,3300,14700,2159
2000-11-01,3300,3310,3240,3280,10800,2146
2000-11-02,3280,3350,3280,3350,21900,2192
2000-11-03,3340,3390,3310,3360,15100,2199
2000-11-06,3315,3320,3300,3320,11600,2172
2000-11-07,3260,3290,3215,3220,11500,2107
2000-11-08,3180,3210,3160,3200,7500,2094
2000-11-09,3250,3280,3230,3230,8400,2114
2000-11-10,3180,3250,3180,3250,2800,2127
2000-11-13,3220,3220,3175,3175,3900,2078
2000-11-14,3280,3350,3250,3320,5300,2172
2000-11-15,3270,3315,3230,3250,8100,2127
2000-11-16,3350,3400,3250,3250,9000,2127
2000-11-17,3290,3290,3190,3250,8200,2127
2000-11-20,3200,3650,3200,3640,66600,2382
2000-11-21,3350,3450,3350,3360,12800,2199
2000-11-22,3280,3450,3280,3310,9600,2166
2000-11-23,3330,3380,3310,3370,16800,2205
2000-11-24,3370,3370,3310,3330,10700,2179
2000-11-27,3450,3450,3300,3420,11800,2238
2000-11-28,3400,3400,3350,3350,3400,2192
2000-11-29,3350,3350,3210,3290,4000,2153
2000-11-30,3270,3290,3250,3280,10700,2146
2000-12-01,3280,3280,3210,3270,4300,2140
2000-12-04,3205,3250,3200,3210,5100,2100
2000-12-05,3250,3250,3060,3115,8400,2038
2000-12-06,3240,3240,3150,3180,2400,2081
2000-12-07,3105,3200,3105,3190,8500,2087
2000-12-08,3150,3360,3130,3220,3300,2107
2000-12-11,3220,3260,3200,3200,6200,2094
2000-12-12,3260,3260,3150,3240,9000,2120
2000-12-13,3200,3260,3200,3240,1900,2120
2000-12-14,3240,3240,3155,3155,9600,2065
2000-12-15,3160,3200,3160,3160,2400,2068
2000-12-18,3200,3200,3100,3150,31200,2061
2000-12-19,3150,3150,3060,3060,15800,2002
2000-12-20,3030,3050,3010,3050,7000,1996
2000-12-21,3010,3010,2900,2990,14100,1957
2000-12-22,2990,3080,2920,3070,9000,2009
2000-12-26,3000,3065,3000,3010,6700,1970
2001-01-02,3090,3130,3030,3080,2800,2015
2001-01-03,3100,3130,3095,3100,3900,2029
2001-01-04,3120,3300,3120,3300,20200,2159
2001-01-05,3155,3300,3155,3300,10200,2159
2001-01-08,3150,3300,3150,3260,15700,2133
2001-01-09,3260,3260,3160,3195,12200,2091
2001-01-10,3190,3270,3170,3220,23000,2107
2001-01-11,3230,3230,3160,3200,7900,2094
2001-01-12,3205,3270,3205,3270,23100,2140
2001-01-15,3270,3300,3210,3250,18000,2127
2001-01-16,3250,3260,3200,3205,19100,2097
2001-01-17,3210,3210,3200,3200,15500,2094
2001-01-18,3205,3250,3200,3250,12100,2127
2001-01-19,3255,3255,3190,3200,9800,2094
2001-01-22,3205,3235,3165,3235,5500,2117
2001-01-26,3240,3320,3210,3235,6400,2117
2001-01-29,3240,3240,3230,3240,6700,2120
2001-01-30,3300,3410,3300,3335,22100,2182
2001-01-31,3400,3400,3220,3300,14300,2159
2001-02-01,3300,3330,3250,3300,12600,2159
2001-02-02,3240,3300,3240,3300,8600,2159
2001-02-05,3300,3370,3300,3370,12100,2205
2001-02-06,3350,3600,3350,3550,23300,2323
2001-02-07,3510,3510,3420,3450,11200,2258
2001-02-08,3490,3490,3400,3410,3500,2231
2001-02-09,3450,3650,3450,3550,39300,2323
2001-02-12,3550,3700,3550,3640,10800,2382
2001-02-13,3520,3590,3520,3560,5200,2330
2001-02-14,3560,4090,3550,3900,38100,2552
2001-02-15,3800,3850,3690,3850,26300,2519
2001-02-16,3850,3850,3700,3715,4200,2431
2001-02-19,3690,3700,3535,3650,6900,2388
2001-02-20,3700,3700,3555,3570,10700,2336
2001-02-21,3590,3690,3570,3570,8900,2336
2001-02-22,3500,3650,3500,3550,8300,2323
2001-02-23,3515,3750,3500,3620,8400,2369
2001-02-26,3700,3750,3620,3620,8800,2369
2001-02-27,3620,3625,3570,3605,6200,2359
2001-02-28,3550,3600,3550,3600,900,2356
2001-03-02,3560,3560,3350,3350,6500,2192
2001-03-05,3300,3650,3300,3550,7700,2323
2001-03-06,3500,3640,3500,3500,3800,2290
2001-03-07,3600,4025,3600,3770,119600,2467
2001-03-08,3580,3750,3550,3750,22200,2454
2001-03-09,3800,3800,3620,3690,20400,2415
2001-03-12,3660,3850,3660,3810,13700,2493
2001-03-13,3710,3800,3650,3785,9100,2477
2001-03-15,3660,3880,3660,3800,13800,2487
2001-03-16,3800,3800,3705,3770,3900,2467
2001-03-19,3720,3850,3720,3810,9400,2493
2001-03-20,3855,3890,3790,3890,21900,2546
2001-03-21,3895,4250,3895,4100,35800,2683
2001-03-22,4010,4140,3800,3810,34800,2493
2001-03-23,3860,3895,3800,3810,7400,2493
2001-03-26,3845,3900,3750,3900,8900,2552
2001-03-27,3900,3900,3810,3900,5400,2552
2001-03-28,3950,3950,3830,3850,9900,2519
2001-03-29,3850,3850,3700,3750,19000,2454
2001-03-30,3750,3750,3450,3700,23800,2421
2001-04-02,3700,3850,3630,3700,4900,2421
2001-04-03,3620,3620,3550,3585,7800,2346
2001-04-04,3510,3580,3500,3500,10500,2290
2001-04-06,3550,3600,3520,3600,8500,2356
2001-04-09,3590,3590,3490,3590,4700,2349
2001-04-10,3585,3600,3495,3495,6000,2287
2001-04-11,3590,3650,3585,3650,6900,2388
2001-04-12,3610,3615,3585,3615,4600,2366
2001-04-13,3620,3620,3600,3605,2600,2359
2001-04-16,3605,3650,3605,3645,3600,2385
2001-04-17,3650,3690,3650,3680,9500,2408
2001-04-18,3700,3700,3620,3650,6100,2388
2001-04-19,3690,3740,3675,3680,17000,2408
2001-04-20,3670,3675,3605,3645,7900,2385
2001-04-23,3625,3650,3620,3630,6900,2375
2001-04-24,3630,3630,3580,3590,4900,2349
2001-04-25,3530,3610,3530,3600,8900,2356
2001-04-26,3530,3610,3530,3600,8900,2356
2001-04-27,3700,3700,3580,3615,3400,2366
2001-04-30,3650,3650,3610,3630,7200,2375
2001-05-02,3630,3650,3600,3625,9000,2372
2001-05-03,3605,3610,3570,3600,9700,2356
2001-05-04,3600,3650,3540,3615,2100,2366
2001-05-07,3620,3630,3580,3590,11000,2349
2001-05-08,3590,3625,3590,3620,5100,2369
2001-05-09,3630,3665,3630,3660,6400,2395
2001-05-10,3660,3840,3660,3830,6600,2506
2001-05-11,3830,3830,3700,3700,8100,2421
2001-05-14,3700,3750,3650,3750,8500,2454
2001-05-15,3750,3800,3720,3790,16800,2480
2001-05-16,3785,3800,3690,3690,9100,2415
2001-05-17,3750,3750,3700,3700,7900,2421
2001-05-18,3700,3700,3660,3700,3400,2421
2001-05-21,3680,3820,3680,3705,3400,2424
2001-05-22,3720,3820,3720,3820,6100,2500
2001-05-23,3810,3950,3800,3940,18100,2578
2001-05-24,3950,3950,3860,3900,10000,2552
2001-05-25,3900,3950,3880,3900,3400,2552
2001-05-28,3750,3990,3750,3990,8600,2611
2001-05-29,4030,4200,4010,4190,33600,2742
2001-05-30,4190,4190,4000,4000,11200,2618
2001-05-31,3930,4050,3930,3940,5400,2578
2001-06-01,3940,4000,3870,4000,4000,2618
2001-06-04,3980,4050,3980,4050,4100,2650
2001-06-05,4050,4150,4050,4070,8600,2663
2001-06-07,4075,4500,4075,4400,52900,2879
2001-06-08,4205,4590,4205,4225,21500,2765
2001-06-11,4280,4280,4110,4220,6800,2762
2001-06-12,4225,4250,4060,4060,22400,2657
2001-06-13,4050,4050,4010,4040,6700,2644
2001-06-14,4040,4150,4040,4070,15100,2663
2001-06-15,4100,4100,4050,4060,12000,2657
2001-06-18,4060,4120,4060,4120,12700,2696
2001-06-19,4120,4200,4120,4200,25100,2748
2001-06-20,4250,4360,4250,4260,19900,2788
2001-06-21,4150,4170,4130,4130,14900,2703
2001-06-22,4040,4090,4025,4025,10600,2634
2001-06-25,3985,3995,3940,3980,8000,2604
2001-06-26,4010,4150,3990,3990,22000,2611
2001-06-27,3900,4000,3880,3900,18100,2552
2001-06-28,3950,3990,3900,3920,4800,2565
2001-06-29,3980,3995,3900,3900,11100,2552
2001-07-02,3910,3955,3900,3900,16400,2552
2001-07-03,3910,3975,3910,3930,2200,2572
2001-07-04,3900,3965,3900,3960,7700,2591
2001-07-05,3905,3960,3905,3910,9400,2559
2001-07-06,3900,3935,3900,3900,3500,2552
2001-07-09,3850,3900,3620,3685,6800,2411
2001-07-10,3700,3750,3700,3730,4600,2441
2001-07-11,3665,3750,3665,3700,6500,2421
2001-07-12,3705,3880,3705,3860,2300,2526
2001-07-13,3860,3860,3650,3650,9400,2388
2001-07-16,3655,3710,3655,3710,1900,2428
2001-07-18,3885,3885,3695,3695,3100,2418
2001-07-19,3650,3700,3610,3700,3300,2421
2001-07-20,3650,3700,3630,3640,3800,2382
2001-07-23,3565,3650,3410,3410,8400,2231
2001-07-24,3355,3405,3350,3360,9700,2199
2001-07-25,3365,3500,3340,3500,3600,2290
2001-07-26,3500,3580,3440,3550,2000,2323
2001-07-27,3650,3800,3650,3650,3400,2388
2001-07-30,3650,3690,3520,3690,1100,2415
2001-07-31,3610,3720,3500,3720,8100,2434
2001-08-01,3790,3790,3700,3710,2600,2428
2001-08-02,3670,3680,3650,3660,4300,2395
2001-08-03,3710,3750,3700,3750,3700,2454
2001-08-06,3800,3800,3720,3770,2500,2467
2001-08-07,3795,3800,3710,3710,1600,2428
2001-08-08,3670,3800,3670,3710,3100,2428
2001-08-09,3715,3795,3715,3795,4300,2483
2001-08-10,3720,3890,3720,3800,1900,2487
2001-08-13,3850,3850,3800,3800,600,2487
2001-08-14,3890,3890,3710,3850,2100,2519
2001-08-16,3850,3900,3810,3810,2700,2493
2001-08-17,3880,3880,3780,3800,1100,2487
2001-08-20,3780,3780,3700,3700,4000,2421
2001-08-21,3900,3900,3760,3850,3200,2519
2001-08-22,3900,3900,3770,3840,1000,2513
2001-08-23,3840,3840,3750,3750,2300,2454
2001-08-24,3840,3840,3750,3750,1800,2454
2001-08-27,3800,3800,3750,3800,4600,2487
2001-08-28,3765,3800,3730,3750,5400,2454
2001-08-29,3740,3900,3730,3880,20300,2539
2001-08-30,3880,4460,3870,4460,80700,2919
2001-08-31,4470,4470,3990,3990,24000,2611
2001-09-03,3990,4300,3990,4300,28800,2814
2001-09-04,4330,4480,4070,4120,16900,2696
2001-09-05,4300,4390,4090,4200,8900,2748
2001-09-06,4200,4200,4010,4010,7700,2624
2001-09-07,4010,4100,3920,3920,11000,2565
2001-09-10,3980,3980,3850,3950,5400,2585
2001-09-11,3950,4000,3900,3900,2500,2552
2001-09-12,3315,3330,3315,3315,27000,2169
2001-09-13,3600,3600,3320,3530,12800,2310
2001-09-14,3510,3510,3200,3265,14400,2136
2001-09-17,3100,3100,2815,3000,17800,1963
2001-09-18,2900,3430,2900,3290,9300,2153
2001-09-19,3200,3390,3200,3300,5100,2159
2001-09-20,3250,3250,3100,3220,6500,2107
2001-09-21,3190,3390,3190,3335,1800,2182
2001-09-25,3390,3390,3200,3200,1700,2094
2001-09-26,3270,3300,3220,3300,2000,2159
2001-09-27,3135,3360,3135,3350,2000,2192
2001-10-04,3500,3500,3355,3355,4000,2195
2001-10-05,3340,3400,3310,3315,4700,2169
2001-10-08,3320,3390,3260,3310,3400,2166
2001-10-09,3370,3400,3370,3380,4700,2212
2001-10-10,3400,3470,3400,3470,3200,2271
2001-10-11,3525,3525,3400,3450,14600,2258
2001-10-12,3405,3490,3405,3415,13200,2235
2001-10-15,3405,3420,3405,3420,7100,2238
2001-10-16,3485,3550,3440,3490,11600,2284
2001-10-17,3545,3545,3480,3480,7400,2277
2001-10-18,3420,3600,3420,3600,7500,2356
2001-10-19,3690,3690,3480,3490,7600,2284
2001-10-22,3550,3550,3450,3480,8800,2277
2001-10-23,3500,3550,3500,3500,11800,2290
2001-10-24,3590,3590,3500,3500,3700,2290
2001-10-25,3450,3500,3390,3400,28700,2225
2001-10-26,3440,3500,3440,3480,9000,2277
2001-10-29,3540,3540,3420,3450,5100,2258
2001-10-30,3450,3450,3385,3390,5400,2218
2001-10-31,3400,3400,3385,3385,2500,2215
2001-11-01,3390,3500,3390,3395,4200,2222
2001-11-02,3400,3400,3380,3380,6500,2212
2001-11-05,3390,3420,3390,3400,19400,2225
2001-11-06,3450,3450,3415,3445,14200,2254
2001-11-07,3450,3495,3410,3410,7900,2231
2001-11-08,3410,3505,3410,3505,9100,2294
2001-11-12,3800,3800,3600,3740,12000,2447
2001-11-13,3880,3880,3625,3785,19100,2477
2001-11-14,3750,3980,3655,3980,22900,2604
2001-11-15,3890,4000,3700,3700,33200,2421
2001-11-16,3700,3700,3650,3700,6300,2421
2001-11-19,3620,3700,3600,3700,60400,2421
2001-11-20,3610,3950,3610,3850,29700,2519
2001-11-21,4000,4000,3700,3950,114200,2585
2001-11-22,3860,3860,3760,3760,17200,2460
2001-11-23,3800,3820,3795,3795,5600,2483
2001-11-26,3750,3800,3740,3800,6600,2487
2001-11-27,3620,3730,3620,3730,11800,2441
2001-11-28,3730,3730,3610,3700,4900,2421
2001-11-29,3680,3700,3600,3680,3900,2408
2001-11-30,3690,3690,3605,3690,6700,2415
2001-12-03,3700,3730,3600,3730,15400,2441
2001-12-04,3630,3780,3630,3780,7500,2474
2001-12-05,3670,3800,3670,3700,12600,2421
2001-12-06,3700,3740,3700,3700,39000,2421
2001-12-07,3715,3920,3715,3920,9300,2565
2001-12-10,3890,3950,3750,3900,17100,2552
2001-12-11,3895,3895,3830,3870,13100,2532
2001-12-12,3840,3850,3750,3750,17700,2454
2001-12-13,3750,3750,3650,3660,13200,2395
2001-12-14,3650,3790,3650,3730,14200,2441
2001-12-17,3700,3750,3630,3640,14200,2382
2001-12-18,3655,3750,3600,3600,22800,2356
2001-12-19,3820,3820,3610,3610,62900,2362
2001-12-20,3700,3700,3600,3650,64200,2388
2001-12-21,3605,3760,3600,3630,41900,2375
2001-12-24,3600,3655,3600,3610,166900,2362
2001-12-26,3630,3800,3630,3705,72300,2424
2001-12-27,3655,3750,3655,3750,35400,2454
2001-12-28,3795,3795,3655,3760,8100,2460
2002-01-02,3570,3750,3570,3665,15800,2398
2002-01-04,3685,3785,3630,3730,12600,2441
2002-01-07,3730,3770,3700,3770,10800,2467
2002-01-08,3810,4335,3810,4335,57900,2837
2002-01-09,4405,4405,4055,4110,31300,2690
2002-01-10,3930,4050,3930,4000,11400,2618
2002-01-11,3965,4110,3965,4020,17400,2631
2002-01-14,4040,4100,3850,3900,63500,2552
2002-01-15,3820,4040,3820,3860,12700,2526
2002-01-16,3870,4000,3870,3950,13900,2585
2002-01-17,4020,4020,3850,3850,21900,2519
2002-01-18,3870,4200,3870,3900,35900,2552
2002-01-21,4180,4180,3975,4000,18900,2618
2002-01-22,4090,4120,4060,4120,18400,2696
2002-01-23,4060,4440,4060,4390,42500,2873
2002-01-24,4400,5040,4400,5040,65200,3298
2002-01-25,4900,5000,4660,4860,46800,3180
2002-01-28,4860,5200,4810,5200,17100,3403
2002-01-29,4710,5980,4710,5090,68900,3331
2002-01-30,4990,4990,4805,4850,33200,3174
2002-02-01,5450,5700,5110,5110,11800,3344
2002-02-04,5110,5120,4960,4960,13700,3246
2002-02-05,5700,5700,5120,5300,32500,3468
2002-02-06,5290,5290,5150,5160,16700,3377
2002-02-07,5150,5300,5000,5000,12800,3272
2002-02-08,5200,5300,5000,5300,13000,3468
2002-02-14,5490,5510,5300,5510,23000,3606
2002-02-15,5480,5600,5400,5500,13200,3599
2002-02-18,5610,5780,5610,5730,14200,3750
2002-02-19,5670,6290,5600,6100,16100,3992
2002-02-20,6100,6800,6100,6390,44800,4182
2002-02-21,6450,6750,6450,6520,20400,4267
2002-02-22,6520,6800,6200,6800,17500,4450
2002-02-25,6850,6990,6800,6800,17400,4450
2002-02-26,6790,6790,6090,6090,28400,3986
2002-02-27,6140,6450,6010,6020,31400,3940
2002-02-28,6100,6210,6000,6100,11200,3992
2002-03-04,6100,6200,6000,6000,21600,3927
2002-03-05,6000,6140,5700,5800,19500,3796
2002-03-06,5800,5980,5800,5950,13400,3894
2002-03-07,5800,6100,5800,5920,3600,3874
2002-03-08,5820,6100,5810,6020,9600,3940
2002-03-11,5850,6280,5850,6120,17800,4005
2002-03-12,6150,6400,6150,6300,6500,4123
2002-03-13,6250,6450,6100,6300,10600,4123
2002-03-14,6210,6350,6130,6350,7200,4156
2002-03-15,6400,6490,6390,6400,5800,4188
2002-03-18,6260,6500,6260,6490,10900,4247
2002-03-19,6550,6760,6550,6650,17700,4352
2002-03-20,6700,7300,6700,7000,8900,4581
2002-03-21,7020,7200,6730,6900,10200,4516
2002-03-22,6900,6900,6700,6700,13200,4385
2002-03-25,6610,6610,6400,6400,22200,4188
2002-03-26,6410,6580,6410,6510,3400,4260
2002-03-27,6500,6500,6300,6390,12300,4182
2002-03-28,6500,6500,6270,6270,12600,4103
2002-03-29,6150,6400,6150,6260,6900,4097
2002-04-01,6250,6260,5710,5890,14900,3855
2002-04-02,5900,6170,5900,5910,21500,3868
2002-04-03,6000,6000,5920,6000,8600,3927
2002-04-04,5830,6010,5830,5950,8500,3894
2002-04-08,6070,6350,6070,6250,13400,4090
2002-04-09,6200,6200,6100,6100,11300,3992
2002-04-10,6010,6070,5950,5960,11700,3900
2002-04-11,5930,6100,5930,6010,13400,3933
2002-04-12,6050,6100,6000,6000,8400,3927
2002-04-15,5960,6010,5960,6010,4800,3933
2002-04-16,6010,6150,6010,6100,9300,3992
2002-04-17,6110,6110,6000,6000,12400,3927
2002-04-18,5830,6000,5830,5920,14100,3874
2002-04-19,5920,6010,5900,5900,9900,3861
2002-04-22,5900,5900,5770,5850,9300,3828
2002-04-23,5860,6010,5860,5900,13300,3861
2002-04-24,6000,6050,5900,5900,7200,3861
2002-04-25,5880,5880,5730,5770,10100,3776
2002-04-26,5800,5800,5700,5710,5400,3737
2002-04-29,5690,5810,5650,5650,11800,3698
2002-04-30,5650,5650,5300,5300,6500,3468
2002-05-02,5400,5500,5400,5500,11300,3599
2002-05-03,5300,5500,5120,5500,4900,3599
2002-05-06,5600,5650,5600,5600,17600,3665
2002-05-07,5500,5540,5500,5510,600,3606
2002-05-08,5620,5620,5300,5300,6200,3468
2002-05-09,5430,5450,5300,5300,5600,3468
2002-05-10,5300,5400,5250,5400,4200,3534
2002-05-13,5400,5400,5310,5310,1700,3475
2002-05-14,5300,5390,5300,5350,2900,3501
2002-05-15,5400,5440,5310,5350,3900,3501
2002-05-16,5320,5450,5320,5350,10900,3501
2002-05-17,5320,5700,5320,5400,10800,3534
2002-05-20,5400,5500,5400,5400,1800,3534
2002-05-21,5350,5500,5350,5400,6900,3534
2002-05-22,5450,5490,5400,5400,1600,3534
2002-05-23,5510,5520,5450,5500,7000,3599
2002-05-24,5600,5600,5460,5500,3500,3599
2002-05-27,5410,5620,5410,5550,10500,3632
2002-05-28,5500,5550,5430,5430,10300,3554
2002-05-29,5310,5310,5220,5300,9300,3468
2002-05-30,5250,5300,5000,5000,12900,3272
2002-05-31,5000,5050,5000,5000,17900,3272
2002-06-03,5020,5140,4910,5140,10900,3364
2002-06-04,5090,5100,5000,5100,10700,3338
2002-06-05,5100,5200,5020,5200,3100,3403
2002-06-07,5140,5200,5050,5200,2300,3403
2002-06-10,5200,5200,5100,5110,5700,3344
2002-06-11,5120,5130,5100,5100,6400,3338
2002-06-12,5100,5150,5100,5150,2600,3370
2002-06-14,5300,5300,5100,5200,7500,3403
2002-06-17,5200,5300,5130,5200,4000,3403
2002-06-18,5100,5300,5090,5300,6500,3468
2002-06-19,5110,5300,5060,5060,4300,3311
2002-06-20,5010,5290,5010,5020,4200,3285
2002-06-21,5000,5100,5000,5100,1400,3338
2002-06-24,5010,5010,4810,4850,6200,3174
2002-06-25,4850,4900,4560,4560,8900,2984
2002-06-26,4600,4600,3910,4280,10000,2801
2002-06-27,4900,4900,4320,4450,7100,2912
2002-06-28,4800,5110,4800,5050,13500,3305
2002-07-02,4540,5400,4540,5040,3500,3298
2002-07-03,5000,5280,4700,5200,15500,3403
2002-07-04,4910,5300,4910,5180,1800,3390
2002-07-05,5250,5250,4960,5190,6300,3396
2002-07-08,5400,5400,5000,5200,6100,3403
2002-07-09,5050,5300,5000,5290,12000,3462
2002-07-10,5330,5330,5210,5300,2700,3468
2002-07-11,5150,5280,5000,5190,9600,3396
2002-07-12,5190,5220,5050,5220,3900,3416
2002-07-15,5040,5190,5010,5190,1800,3396
2002-07-16,5170,5170,5000,5120,9300,3351
2002-07-18,5120,5150,5000,5010,10700,3279
2002-07-19,4800,4930,4515,4930,7900,3226
2002-07-22,4680,4750,4560,4750,2100,3108
2002-07-23,4515,4730,4510,4730,1500,3095
2002-07-24,4710,4710,4520,4520,1200,2958
2002-07-25,4750,4750,4450,4450,1700,2912
2002-07-26,4700,4700,4460,4685,1400,3066
2002-07-29,4670,4900,4520,4900,1300,3207
2002-07-30,5000,5200,4750,5000,1300,3272
2002-07-31,4750,5150,4560,4850,2300,3174
2002-08-01,4840,4950,4840,4925,1000,3223
2002-08-02,4800,4920,4550,4790,2200,3135
2002-08-05,4550,4750,4550,4750,1600,3108
2002-08-06,4590,4610,4400,4610,2200,3017
2002-08-07,4635,4635,4500,4635,700,3033
2002-08-08,4630,4630,4500,4510,2200,2951
2002-08-09,4510,4690,4510,4640,4100,3036
2002-08-12,4500,4790,4480,4790,7600,3135
2002-08-13,4800,4900,4600,4900,10200,3207
2002-08-14,5000,5280,4950,5030,3300,3292
2002-08-16,5150,5200,4950,5060,9800,3311
2002-08-19,5060,5060,4820,4995,8300,3269
2002-08-20,5110,5300,4900,4910,5000,3213
2002-08-21,5240,5240,4965,5050,9500,3305
2002-08-22,5180,5200,5050,5100,10900,3338
2002-08-26,5100,5150,5030,5110,6600,3344
2002-08-27,5150,5150,4980,5110,1800,3344
2002-08-28,5100,5130,5000,5000,5500,3272
2002-08-29,5000,5140,5000,5130,2300,3357
2002-08-30,5200,5300,5040,5180,2300,3390
2002-09-02,5200,5240,5100,5200,3100,3403
2002-09-03,5300,5300,5060,5110,6000,3344
2002-09-04,5110,5300,5070,5200,3400,3403
2002-09-05,5070,5300,5070,5080,3600,3324
2002-09-06,5300,5300,5030,5050,14800,3305
2002-09-09,5100,5150,4910,5100,10900,3338
2002-09-10,5100,5150,5020,5140,7900,3364
2002-09-11,5080,5900,5070,5300,5300,3468
2002-09-12,5200,5300,5050,5200,22900,3403
2002-09-13,5200,5200,5060,5100,2400,3338
2002-09-16,5100,5250,5070,5090,11500,3331
2002-09-17,5200,5300,5120,5140,1600,3364
2002-09-18,5100,5250,5100,5120,1200,3351
2002-09-19,5150,5240,5120,5200,1100,3403
2002-09-23,5300,5300,5120,5200,2100,3403
2002-09-24,5100,5800,5100,5500,27400,3599
2002-09-25,5400,6100,5230,5790,26900,3789
2002-09-26,5920,6290,5620,5620,28700,3678
2002-09-27,5510,5700,5310,5700,10900,3730
2002-09-30,5750,5750,5400,5550,4900,3632
2002-10-01,5400,5480,5300,5300,6000,3468
2002-10-02,5320,5940,5320,5500,4700,3599
2002-10-04,5600,5600,5310,5500,7200,3599
2002-10-07,5600,5600,5400,5470,8700,3580
2002-10-08,5350,5450,5310,5320,15000,3482
2002-10-09,5400,5450,5280,5280,7400,3455
2002-10-10,5020,5250,5020,5030,10900,3292
2002-10-11,5050,5310,5050,5220,13600,3416
2002-10-14,5030,5400,5030,5300,3800,3468
2002-10-15,5400,5480,5300,5480,4100,3586
2002-10-16,5580,5580,5320,5490,6700,3593
2002-10-17,5360,5450,5300,5390,5100,3527
2002-10-18,5440,5440,5250,5430,15500,3554
2002-10-21,5500,5500,5300,5440,7200,3560
2002-10-22,5500,5500,5300,5430,4600,3554
2002-10-23,5230,5500,5230,5390,3800,3527
2002-10-24,5310,5380,5300,5370,800,3514
2002-10-25,5230,5480,5230,5350,5000,3501
2002-10-28,5350,5700,5350,5700,7700,3730
2002-10-29,5430,5670,5320,5490,9700,3593
2002-10-30,5980,5980,5280,5300,3200,3468
2002-10-31,5350,5560,5350,5560,500,3639
2002-11-01,5500,5600,5500,5550,5100,3632
2002-11-04,5640,5700,5560,5700,1100,3730
2002-11-05,5850,5850,5450,5690,800,3724
2002-11-06,5750,5750,5480,5730,2700,3750
2002-11-07,5510,5800,5500,5580,8600,3652
2002-11-08,5580,5580,5510,5530,500,3619
2002-11-11,5450,5650,5400,5480,9000,3586
2002-11-12,5700,5700,5440,5640,300,3691
2002-11-13,5650,5650,5500,5640,200,3691
2002-11-14,5650,5700,5500,5690,2000,3724
2002-11-15,5630,5900,5550,5820,12100,3809
2002-11-18,5820,5940,5770,5780,7500,3783
2002-11-19,5900,6030,5780,6030,7900,3946
2002-11-20,6200,6400,5900,6200,19300,4058
2002-11-21,6340,6340,5900,6200,10200,4058
2002-11-22,6300,6300,6200,6220,700,4071
2002-11-25,6220,6300,5320,6140,300,4018
2002-11-26,5870,6170,5870,6140,1100,4018
2002-11-27,6250,6250,5870,5870,8900,3842
2002-11-28,5920,6000,5870,6000,4100,3927
2002-11-29,6150,6150,5830,6010,2500,3933
2002-12-03,5700,5820,5500,5620,30200,3678
2002-12-04,5440,5590,5350,5400,22100,3534
2002-12-05,5550,5550,5390,5510,20000,3606
2002-12-06,5510,5510,5370,5450,10500,3567
2002-12-09,5400,5540,5310,5310,13300,3475
2002-12-10,5260,5370,5260,5370,2800,3514
2002-12-11,5300,5500,5200,5280,10700,3455
2002-12-12,5390,5390,5170,5270,4800,3449
2002-12-13,5360,5360,5160,5290,8900,3462
2002-12-16,5390,5390,5230,5300,2200,3468
2002-12-17,5210,5270,5190,5230,2900,3423
2002-12-18,5160,5220,5060,5200,6200,3403
2002-12-20,5230,5230,5080,5160,5000,3377
2002-12-23,5260,5260,4900,5000,15800,3272
2002-12-24,5000,5000,4800,4985,10100,3262
2002-12-26,4950,5000,4780,4860,24800,3180
2002-12-27,4785,4990,4730,4900,700,3344
2002-12-30,4510,4900,4500,4700,10800,3208
2003-01-02,4570,4970,4500,4965,8200,3389
2003-01-03,4940,4940,4600,4800,4500,3276
2003-01-06,5150,5300,4800,4800,6700,3276
2003-01-07,5150,5150,4750,4800,5800,3276
2003-01-08,5050,5050,4800,4800,2700,3276
2003-01-09,4630,4885,4630,4800,2800,3276
2003-01-10,4800,4830,4640,4780,4200,3262
2003-01-13,4910,4910,4800,4800,800,3276
2003-01-14,4910,4910,4620,4630,4100,3160
2003-01-15,4800,4860,4660,4750,2900,3242
2003-01-16,4750,4850,4630,4840,1200,3303
2003-01-17,4870,4870,4700,4800,400,3276
2003-01-20,4820,4855,4720,4830,3300,3296
2003-01-21,4880,4880,4650,4875,1700,3327
2003-01-22,4540,4865,4540,4800,600,3276
2003-01-23,4875,4875,4600,4790,2100,3269
2003-01-24,4940,4940,4650,4700,1300,3208
2003-01-27,4790,5390,4780,4900,5000,3344
2003-01-28,4705,4915,4705,4900,700,3344
2003-01-29,4800,5100,4800,4840,9000,3303
2003-01-30,5240,5240,4900,5030,700,3433
2003-02-03,5160,5160,4970,5080,900,3467
2003-02-04,5010,5080,4900,5080,7000,3467
2003-02-05,5090,5200,4990,5190,4100,3542
2003-02-06,5190,5190,5000,5120,4300,3494
2003-02-07,5150,5200,4890,4910,16200,3351
2003-02-10,4950,5000,4860,4860,500,3317
2003-02-11,4950,4990,4850,4990,400,3406
2003-02-12,4915,5040,4810,5040,1200,3440
2003-02-13,4900,5300,4900,5060,12300,3453
2003-02-14,5230,5230,5190,5190,1400,3542
2003-02-17,5300,5580,5200,5500,16700,3754
2003-02-18,5480,5600,5350,5600,7800,3822
2003-02-19,5650,5680,5250,5580,8300,3808
2003-02-20,5510,5600,5400,5500,4900,3754
2003-02-21,5690,5690,5250,5450,6100,3720
2003-02-24,5220,5500,5220,5420,5200,3699
2003-02-25,5350,5440,5250,5440,1400,3713
2003-02-26,5360,5480,5160,5290,5200,3610
2003-02-27,5280,5280,5100,5280,1700,3604
2003-02-28,5160,5600,5160,5200,4700,3549
2003-03-03,5300,5300,5250,5300,4900,3617
2003-03-04,5400,5450,5110,5190,2900,3542
2003-03-05,5200,5200,5200,5200,10,3549
2003-03-06,5100,5100,4860,5100,1600,3481
2003-03-07,5100,5100,4850,4865,700,3320
2003-03-10,5090,5090,4630,4950,6400,3378
2003-03-11,4825,4825,4610,4760,7800,3249
2003-03-12,4530,4760,4530,4760,1100,3249
2003-03-13,4790,4790,4510,4750,1400,3242
2003-03-14,4900,4950,4700,4800,900,3276
2003-03-17,4950,4950,4500,4890,2500,3337
2003-03-18,5200,5200,4625,5070,3600,3460
2003-03-19,5150,5150,4705,5000,90,3413
2003-03-20,4925,5190,4925,5190,30,3542
2003-03-21,5130,5150,4880,5000,5600,3413
2003-03-24,5050,5050,4850,4850,1100,3310
2003-03-25,5480,5480,4720,4940,800,3372
2003-03-26,5080,5080,4750,4750,3400,3242
2003-03-27,4750,4870,4750,4845,200,3307
2003-03-28,4850,4870,4750,4820,1000,3290
2003-03-31,4850,4850,4630,4830,9600,3296
2003-04-01,4800,4845,4700,4845,2500,3307
2003-04-02,4895,4895,4715,4760,100,3249
2003-04-03,4850,4850,4790,4790,1400,3269
2003-04-04,4990,4990,4840,4840,30,3303
2003-04-07,4995,4995,4800,4820,8900,3290
2003-04-08,4900,4945,4760,4845,19100,3307
2003-04-09,4845,4925,4770,4790,4300,3269
2003-04-10,4800,4835,4665,4820,4100,3290
2003-04-11,5150,5150,4870,4940,3300,3372
2003-04-14,4900,4990,4900,4920,2800,3358
2003-04-15,4950,5140,4920,5040,1600,3440
2003-04-16,5130,5130,4960,5070,1400,3460
2003-04-17,5100,5150,4965,5150,2600,3515
2003-04-18,5190,5200,5060,5150,3500,3515
2003-04-21,5240,5240,5100,5210,1300,3556
2003-04-22,5110,5150,4900,4950,7100,3378
2003-04-23,5130,5130,4820,4995,2200,3409
2003-04-24,4860,4945,4855,4870,2300,3324
2003-04-25,4800,5100,4720,4950,28700,3378
2003-04-28,5100,5130,4900,4900,800,3344
2003-04-29,5100,5100,5000,5000,100,3413
2003-04-30,5000,5090,5000,5080,3200,3467
2003-05-02,4950,5180,4950,5160,11200,3522
2003-05-06,5120,5200,5050,5130,2000,3501
2003-05-07,5190,5190,4935,5010,2200,3419
2003-05-09,5150,5150,5010,5020,2500,3426
2003-05-12,4970,5140,4970,5060,3100,3453
2003-05-13,5100,5150,5050,5120,8300,3494
2003-05-14,5190,5200,5120,5180,1500,3535
2003-05-15,5020,5500,5020,5220,1300,3563
2003-05-16,5320,5320,5080,5220,3000,3563
2003-05-19,5200,5200,5070,5080,4300,3467
2003-05-20,5030,5190,5020,5020,1900,3426
2003-05-21,5350,5350,5030,5150,800,3515
2003-05-22,5100,5140,5000,5000,2500,3413
2003-05-23,5030,5100,5030,5030,500,3433
2003-05-26,5010,5140,4910,5140,9000,3508
2003-05-27,5250,5250,5000,5020,5100,3426
2003-05-28,5140,5240,5040,5100,4000,3481
2003-05-29,5150,5150,5000,5020,5700,3426
2003-05-30,5130,5130,4900,5030,13400,3433
2003-06-02,5150,5200,4950,5200,1300,3549
2003-06-03,5220,5320,5030,5320,7400,3631
2003-06-04,5300,5400,5200,5400,6300,3686
2003-06-05,5500,5500,5350,5350,3400,3651
2003-06-09,5120,5410,5120,5410,3700,3692
2003-06-10,5450,5700,5360,5650,9400,3856
2003-06-11,5650,6290,5500,6180,25300,4218
2003-06-12,6160,6170,6000,6140,4700,4191
2003-06-13,6090,6150,5970,6150,11400,4198
2003-06-16,6160,6300,6100,6180,20500,4218
2003-06-17,6300,6340,6200,6300,14600,4300
2003-06-18,6300,6430,5810,6000,17500,4095
2003-06-19,6190,6300,6050,6260,7100,4273
2003-06-20,6250,6400,6110,6400,10400,4368
2003-06-23,6440,6830,6340,6440,8200,4395
2003-06-24,6600,6600,6300,6490,3700,4430
2003-06-25,6350,7460,6300,6820,26700,4655
2003-06-26,6820,7220,6800,6860,14200,4682
2003-06-27,7010,7010,6810,6930,4500,4730
2003-06-30,6500,6990,6500,6990,4600,4771
2003-07-01,7210,7690,6750,6990,32500,4771
2003-07-02,6970,7990,6670,6900,119100,4709
2003-07-03,6930,6930,6550,6550,38200,4471
2003-07-04,6450,6500,6170,6240,15900,4259
2003-07-07,6110,6630,6110,6250,32600,4266
2003-07-08,6590,6590,6100,6240,7800,4259
2003-07-09,6200,6290,6030,6030,12800,4116
2003-07-10,5910,5980,5710,5940,6000,4054
2003-07-11,5860,6080,5740,5900,5500,4027
2003-07-14,5770,6050,5770,5950,8100,4061
2003-07-15,6000,6090,6000,6080,4800,4150
2003-07-16,6230,6230,6180,6180,2200,4218
2003-07-18,6090,6090,5920,5920,6700,4041
2003-07-21,6140,6140,6100,6100,400,4163
2003-07-22,5750,6000,5710,5710,2700,3897
2003-07-23,5760,5800,5550,5770,3500,3938
2003-07-24,5460,6100,5460,5890,12700,4020
2003-07-25,5720,6080,5720,5940,900,4054
2003-07-28,6050,6150,5990,6000,207700,4095
2003-07-29,6000,6210,5780,5780,3200,3945
2003-07-30,5740,6330,5740,6100,7400,4163
2003-07-31,6200,6200,6040,6040,2700,4122
2003-08-01,6100,6100,5960,6090,2900,4157
2003-08-04,6090,6090,5930,6050,3400,4129
2003-08-05,6100,6100,5850,6000,27500,4095
2003-08-06,6000,6150,5980,6040,7400,4122
2003-08-07,6050,6050,5960,5960,2100,4068
2003-08-08,6150,6150,6000,6050,1600,4129
2003-08-11,6090,6090,5970,6000,1100,4095
2003-08-12,6100,6100,5970,6090,5200,4157
2003-08-13,6050,6130,6000,6130,14700,4184
2003-08-14,6200,6200,5990,6190,4900,4225
2003-08-18,6100,6190,6000,6000,29600,4095
2003-08-19,6100,6150,5710,6000,4900,4095
2003-08-20,6050,6070,5900,6000,36300,4095
2003-08-21,6050,6080,6000,6040,22300,4122
2003-08-22,6100,6100,5960,5960,10500,4068
2003-08-25,5990,6100,5950,5950,6200,4061
2003-08-26,5950,6000,5950,6000,8000,4095
2003-08-27,6090,6090,5970,6000,4100,4095
2003-08-28,5950,6100,5850,6000,8800,4095
2003-08-29,6090,6090,5950,5950,2400,4061
2003-09-01,6000,6100,5950,5960,15600,4068
2003-09-02,6000,6200,5600,6100,14500,4163
2003-09-03,6050,6190,6000,6100,13200,4163
2003-09-04,6010,6010,5930,5930,100,4047
2003-09-05,5990,6200,5990,6200,4600,4232
2003-09-08,6200,6250,6160,6200,36500,4232
2003-09-09,6400,6490,6150,6490,8400,4430
2003-09-15,6510,6790,6300,6350,8800,4334
2003-09-16,6200,6460,6200,6340,5300,4327
2003-09-17,6350,6380,6110,6140,5800,4191
2003-09-18,6000,6240,6000,6230,6400,4252
2003-09-19,6050,6200,6050,6200,3200,4232
2003-09-22,6190,6200,5590,6060,13800,4136
2003-09-23,5980,6060,5910,6050,3600,4129
2003-09-24,5970,6420,5970,6060,500,4136
2003-09-25,5950,6010,5950,6000,17500,4095
2003-09-26,5990,6000,5950,5950,8200,4061
2003-09-29,5950,5950,5830,5950,9000,4061
2003-09-30,6090,6090,6000,6090,5000,4157
2003-10-01,6370,6370,5990,6000,7200,4095
2003-10-02,5900,6100,5900,6100,800,4163
2003-10-06,6500,6500,6020,6100,500,4163
2003-10-07,6110,6250,6000,6200,16800,4232
2003-10-08,6150,6200,6010,6190,15000,4225
2003-10-09,6140,6200,6050,6160,7300,4204
2003-10-10,6170,6300,6120,6190,9200,4225
2003-10-13,6200,6300,6100,6150,10500,4198
2003-10-14,6020,6250,6020,6200,12000,4232
2003-10-15,6240,6240,6130,6130,2500,4184
2003-10-16,6120,6190,6030,6120,10600,4177
2003-10-17,6080,6290,6050,6150,63700,4198
2003-10-20,6400,6400,6120,6120,2600,4177
2003-10-21,6120,6130,6000,6000,4100,4095
2003-10-22,6000,6090,6000,6000,3400,4095
2003-10-23,6000,6000,6000,6000,2100,4095
2003-10-24,5990,5990,5810,5810,500,3965
2003-10-27,5810,5970,5500,5800,4100,3959
2003-10-28,5630,5830,5500,5500,10000,3754
2003-10-29,5500,5600,5500,5570,600,3802
2003-10-30,5970,5970,5520,5680,2300,3877
2003-10-31,5490,5800,5490,5800,41500,3959
2003-11-03,5890,5980,5650,5900,1400,4027
2003-11-04,5980,5980,5760,5950,3900,4061
2003-11-05,5900,6000,5900,6000,10900,4095
2003-11-06,5900,6000,5740,5900,6800,4027
2003-11-07,5750,6000,5700,5720,27200,3904
2003-11-10,5800,5800,5630,5720,12100,3904
2003-11-11,5800,5950,5720,5780,8400,3945
2003-11-12,5780,6480,5720,5960,60200,4068
2003-11-13,5990,6080,5940,6020,16900,4109
2003-11-14,5970,6130,5930,6010,46100,4102
2003-11-17,6010,6790,6010,6500,44600,4436
2003-11-18,6450,6530,6320,6480,11200,4423
2003-11-19,6500,6500,6370,6500,5900,4436
2003-11-20,6380,6400,6280,6300,123600,4300
2003-11-21,6120,6390,6120,6130,14800,4184
2003-11-24,6290,6290,5950,6000,48900,4095
2003-11-25,6000,6180,5850,6020,7000,4109
2003-11-26,5850,6000,5850,5900,6300,4027
2003-11-27,5810,5900,5810,5860,10000,4000
2003-11-28,5900,6080,5890,5980,4300,4081
2003-12-01,5900,5970,5880,5910,23800,4034
2003-12-02,5940,5990,5870,5950,10800,4061
2003-12-03,6000,6100,5900,5910,4800,4034
2003-12-04,5950,5950,5900,5900,6100,4027
2003-12-05,5990,5990,5850,5900,5200,4027
2003-12-08,5900,5930,5900,5930,4900,4047
2003-12-09,5900,5970,5900,5970,1400,4075
2003-12-10,5970,5990,5930,5980,4400,4081
2003-12-11,6180,6220,6100,6170,20600,4211
2003-12-12,6170,6280,6170,6250,7500,4266
2003-12-15,6380,6380,6300,6310,15100,4307
2003-12-16,6480,6480,6270,6300,11300,4300
2003-12-17,6310,6380,6300,6350,10800,4334
2003-12-18,6210,6300,6200,6230,18300,4252
2003-12-19,6250,6250,6200,6200,11300,4232
2003-12-22,6110,6260,5900,6000,50500,4095
2003-12-23,6000,6100,6000,6100,5600,4163
2003-12-24,6240,6240,6010,6100,6500,4163
2003-12-26,6150,6200,6050,6160,9300,4204
2003-12-29,5460,5900,5460,5890,2300,4318
2003-12-30,6000,6000,5810,5810,100,4259
2004-01-02,6000,6000,5730,5910,100,4333
2004-01-05,5890,5890,5800,5880,5600,4311
2004-01-06,5990,5990,5760,5770,5000,4230
2004-01-07,5980,5980,5650,5700,20300,4179
2004-01-08,5670,5780,5670,5700,5100,4179
2004-01-09,5800,5800,5660,5780,400,4237
2004-01-12,5780,5780,5650,5770,1000,4230
2004-01-13,5700,5700,5590,5700,4600,4179
2004-01-14,5700,5700,5560,5590,39800,4098
2004-01-15,5740,5740,5610,5620,9800,4120
2004-01-16,5700,5700,5620,5700,3000,4179
2004-01-19,5600,5700,5600,5680,1400,4164
2004-01-20,5590,6000,5500,5740,5800,4208
2004-01-26,5740,5790,5350,5660,13900,4149
2004-01-27,5610,5730,5580,5700,6300,4179
2004-01-28,5700,5700,5550,5700,9000,4179
2004-01-29,5500,5690,5500,5690,400,4171
2004-01-30,5600,5650,5510,5600,5700,4105
2004-02-02,5500,5590,5500,5510,3700,4039
2004-02-03,5510,5600,5460,5600,10400,4105
2004-02-04,5600,5650,5600,5650,700,4142
2004-02-05,5660,5660,5600,5600,7500,4105
2004-02-06,5660,5660,5600,5610,2800,4113
2004-02-09,5600,5650,5500,5600,10100,4105
2004-02-10,5600,5600,5600,5600,300,4105
2004-02-11,5600,5600,5520,5550,5500,4069
2004-02-12,5480,5590,5480,5580,2100,4091
2004-02-13,5510,5540,5500,5540,2200,4061
2004-02-16,5510,5560,5510,5530,22500,4054
2004-02-17,5590,5590,5530,5580,5300,4091
2004-02-18,5540,5540,5520,5520,4300,4047
2004-02-19,5530,5530,5520,5520,5400,4047
2004-02-20,5630,5630,5530,5530,2400,4054
2004-02-23,5500,5530,5500,5530,3300,4054
2004-02-24,5580,5580,5520,5550,12900,4069
2004-02-25,5520,5520,5520,5520,3100,4047
2004-02-26,5500,5580,5500,5550,2800,4069
2004-02-27,5520,5560,5520,5560,5700,4076
2004-03-02,5600,5600,5520,5590,100,4098
2004-03-03,5510,5570,5510,5570,200,4083
2004-03-04,5650,5650,5510,5520,5000,4047
2004-03-05,5590,5590,5580,5590,2100,4098
2004-03-08,5520,5630,5520,5630,100,4127
2004-03-09,5600,5600,5540,5580,900,4091
2004-03-10,5580,5580,5550,5580,400,4091
2004-03-11,5520,5520,5510,5510,3000,4039
2004-03-12,5510,5510,5110,5490,4400,4025
2004-03-15,5540,5700,5350,5700,500,4179
2004-03-16,5610,5680,5400,5600,1400,4105
2004-03-17,5400,5550,5400,5550,1000,4069
2004-03-18,5500,5510,5410,5510,19900,4039
2004-03-19,5440,5500,5430,5430,8000,3981
2004-03-22,5430,5590,5430,5580,700,4091
2004-03-23,5550,5550,5550,5550,10,4069
2004-03-24,5450,5550,5450,5550,1700,4069
2004-03-25,5600,5600,5600,5600,10,4105
2004-03-26,5550,5550,5500,5550,26100,4069
2004-03-29,5690,5690,5450,5450,1900,3995
2004-03-30,5550,5550,5450,5550,400,4069
2004-03-31,5550,5550,5550,5550,300,4069
2004-04-01,5550,5550,5550,5550,1800,4069
2004-04-02,5400,5450,5360,5360,12300,3929
2004-04-06,5170,5400,5170,5300,6700,3885
2004-04-07,5300,5300,5170,5300,5000,3885
2004-04-08,5210,5290,5160,5200,8000,3812
2004-04-09,5200,5310,5130,5200,3700,3812
2004-04-12,5280,5280,5140,5140,1500,3768
2004-04-13,5190,5200,5100,5160,6600,3783
2004-04-14,5190,5190,5100,5190,2200,3805
2004-04-16,5100,5300,5100,5300,700,3885
2004-04-19,5100,5250,5100,5250,1100,3849
2004-04-20,5200,5200,5100,5190,2500,3805
2004-04-21,5200,5200,5110,5150,4800,3775
2004-04-22,5100,5280,5080,5280,5700,3871
2004-04-23,5390,5480,5120,5280,600,3871
2004-04-26,5200,5200,5110,5110,1000,3746
2004-04-27,5100,5200,5050,5140,12600,3768
2004-04-28,5060,5180,5030,5180,5800,3797
2004-04-29,5150,5150,4900,5120,2400,3753
2004-04-30,5100,5100,5050,5050,4200,3702
2004-05-03,5100,5100,4930,4930,0,3614
2004-05-04,5100,5100,5050,5050,2100,3702
2004-05-06,5090,5100,4950,5040,4200,3695
2004-05-07,4960,4960,4810,4900,6700,3592
2004-05-10,4805,4950,4790,4790,4000,3511
2004-05-11,4790,4795,4420,4600,252500,3372
2004-05-12,4900,4900,4570,4735,6900,3471
2004-05-13,4650,4725,4600,4700,4000,3446
2004-05-14,4800,4800,4660,4660,1500,3416
2004-05-17,4450,4600,4410,4420,8200,3240
2004-05-18,4400,4420,4155,4420,3800,3240
2004-05-19,4205,4425,4205,4420,3500,3240
2004-05-20,4425,4495,4215,4420,1300,3240
2004-05-21,4300,4320,4260,4320,300,3167
2004-05-24,4215,4340,4215,4235,3900,3105
2004-05-25,4250,4250,4235,4250,1300,3116
2004-05-27,4400,4400,4105,4105,700,3009
2004-05-28,4150,4280,4150,4230,1100,3101
2004-05-31,4275,4275,4200,4200,0,3079
2004-06-01,4210,4360,4200,4360,400,3196
2004-06-02,4200,4480,4200,4480,1400,3284
2004-06-03,4280,4480,4280,4315,700,3163
2004-06-04,4110,4380,4110,4350,400,3189
2004-06-07,4400,4400,4215,4400,40,3226
2004-06-08,4350,4400,4350,4400,70,3226
2004-06-09,4395,4395,4230,4230,0,3101
2004-06-10,4500,4500,4250,4250,300,3116
2004-06-11,4370,4370,4250,4250,0,3116
2004-06-14,4150,4345,4150,4345,100,3185
2004-06-15,4180,4720,4160,4685,1600,3435
2004-06-16,4990,4990,4400,4900,600,3592
2004-06-17,4800,4800,4800,4800,1000,3519
2004-06-18,4400,4750,4400,4400,400,3226
2004-06-21,4300,4600,4300,4600,1200,3372
2004-06-22,4395,4550,4205,4550,800,3336
2004-06-23,4280,4425,4280,4425,300,3244
2004-06-24,4435,4435,4300,4415,700,3237
2004-06-25,4210,4340,4140,4340,2600,3182
2004-06-28,4200,4260,4160,4260,500,3123
2004-06-29,4105,4300,4105,4150,3700,3042
2004-06-30,4020,4250,4020,4200,11600,3079
2004-07-01,4300,4300,4160,4210,14500,3086
2004-07-02,4295,4295,4150,4235,1000,3105
2004-07-05,4235,4245,4170,4245,80,3112
2004-07-06,4245,4250,4110,4120,23700,3020
2004-07-07,4105,4225,4100,4220,2800,3094
2004-07-08,4215,4215,4170,4170,0,3057
2004-07-09,4200,4200,4200,4200,700,3079
2004-07-12,4160,4195,4160,4195,1000,3075
2004-07-13,4200,4200,4170,4170,60,3057
2004-07-14,4170,4170,4055,4160,700,3050
2004-07-15,4170,4170,4120,4120,3400,3020
2004-07-16,4105,4120,4010,4120,1100,3020
2004-07-19,4150,4150,4150,4150,10,3042
2004-07-20,4100,4150,4030,4150,400,3042
2004-07-21,4160,4180,4100,4100,2700,3006
2004-07-22,4150,4150,4100,4100,200,3006
2004-07-23,4150,4150,4070,4100,2800,3006
2004-07-26,4100,4145,4100,4145,1200,3039
2004-07-27,4200,4200,4200,4200,600,3079
2004-07-28,4175,4175,4100,4100,0,3006
2004-07-29,4195,4195,4195,4195,10,3075
2004-07-30,4220,4220,4220,4220,10,3094
2004-08-02,3875,4170,3875,4170,15200,3057
2004-08-03,4160,4160,3960,3960,0,2903
2004-08-04,4015,4100,4015,4100,500,3006
2004-08-05,4000,4080,4000,4080,2000,2991
2004-08-06,4025,4090,4025,4090,30,2998
2004-08-09,4145,4145,4145,4145,10,3039
2004-08-10,4100,4100,4000,4100,1200,3006
2004-08-11,4080,4080,4035,4080,600,2991
2004-08-12,4100,4100,4010,4020,200,2947
2004-08-13,4020,4020,4000,4000,21000,2932
2004-08-16,4090,4090,4000,4000,300,2932
2004-08-17,4040,4040,4040,4040,20,2962
2004-08-18,4000,4040,3945,4040,900,2962
2004-08-19,4185,4185,4100,4100,5400,3006
2004-08-20,4050,4160,4005,4160,7900,3050
2004-08-23,4185,4185,4185,4185,1000,3068
2004-08-24,4185,4185,4105,4105,0,3009
2004-08-25,4200,4200,4200,4200,300,3079
2004-08-26,4200,4300,4200,4285,7400,3141
2004-08-27,4280,4280,4200,4260,100,3123
2004-08-30,4200,4250,4000,4250,7500,3116
2004-08-31,4250,4250,4250,4250,10,3116
2004-09-01,4250,4250,4020,4245,2800,3112
2004-09-02,4150,4240,4150,4240,1400,3108
2004-09-03,4125,4240,4125,4240,900,3108
2004-09-06,4250,4250,4200,4200,5500,3079
2004-09-07,4240,4240,4150,4200,3000,3079
2004-09-08,4200,4200,4100,4150,1100,3042
2004-09-09,4150,4150,4040,4145,7000,3039
2004-09-10,4090,4195,4070,4195,2400,3075
2004-09-13,4185,4185,4120,4120,0,3020
2004-09-14,4100,4180,4100,4180,2100,3064
2004-09-15,4100,4155,4080,4155,500,3046
2004-09-16,4155,4155,4100,4150,1100,3042
2004-09-17,4150,4150,4100,4100,1100,3006
2004-09-20,4100,4145,4100,4100,900,3006
2004-09-21,4175,4175,4150,4150,300,3042
2004-09-22,4105,4175,4100,4165,2600,3053
2004-09-23,4150,4150,4150,4150,50,3042
2004-09-24,4150,4400,4150,4205,31300,3083
2004-09-30,4295,4295,4110,4200,5300,3079
2004-10-01,4200,4200,4110,4200,1100,3079
2004-10-04,4200,4300,4170,4200,11600,3079
2004-10-05,4250,4250,4175,4200,3200,3079
2004-10-06,4200,4300,4145,4280,40000,3138
2004-10-07,4245,4245,4180,4210,10300,3086
2004-10-08,4200,4200,4130,4185,14000,3068
2004-10-11,4160,4200,4150,4200,14800,3079
2004-10-12,4190,4200,4190,4200,2000,3079
2004-10-13,4190,4190,4125,4180,400,3064
2004-10-14,4125,4200,4125,4170,1100,3057
2004-10-15,4170,4200,4170,4200,800,3079
2004-10-18,4200,4200,4150,4150,1600,3042
2004-10-19,4190,4200,4120,4175,3500,3061
2004-10-20,4170,4170,4120,4170,6100,3057
2004-10-21,4170,4475,4150,4340,78100,3182
2004-10-22,4310,4600,4235,4235,76600,3105
2004-10-25,4180,4450,4180,4325,32900,3171
2004-10-26,4490,4490,4235,4255,14600,3119
2004-10-27,4370,4370,4180,4190,30500,3072
2004-10-28,4210,4650,4150,4330,140500,3174
2004-10-29,4400,4975,4175,4180,548700,3064
2004-11-01,4205,4230,4020,4050,110300,2969
2004-11-02,4055,4135,4040,4085,52100,2995
2004-11-03,4080,4110,4040,4040,30000,2962
2004-11-04,4050,4150,4050,4105,17100,3009
2004-11-05,4110,4145,4035,4060,25500,2976
2004-11-08,4100,4100,4045,4055,13600,2973
2004-11-09,4030,4070,4030,4050,8000,2969
2004-11-10,4050,4140,4040,4135,7500,3031
2004-11-11,4195,4450,4170,4225,51100,3097
2004-11-12,4300,4395,4150,4345,44900,3185
2004-11-15,4310,4370,4200,4255,48400,3119
2004-11-16,4210,4225,4180,4180,11300,3064
2004-11-17,4185,4270,4185,4210,9600,3086
2004-11-18,4190,4210,4140,4165,13600,3053
2004-11-19,4170,4210,4150,4155,4900,3046
2004-11-22,4170,4170,4065,4065,13700,2980
2004-11-23,4080,4180,4080,4180,3700,3064
2004-11-24,4105,4200,4105,4200,2900,3079
2004-11-25,4150,4270,4150,4250,7700,3116
2004-11-26,4210,4250,4160,4175,8400,3061
2004-11-29,4200,4320,4200,4265,13300,3127
2004-11-30,4300,4300,4150,4240,12300,3108
2004-12-01,4200,4290,4180,4260,8300,3123
2004-12-02,4290,4300,4240,4270,10000,3130
2004-12-03,4270,4290,4220,4270,3500,3130
2004-12-06,4160,4370,4160,4250,2100,3116
2004-12-07,4250,4300,4220,4255,9100,3119
2004-12-08,4250,4360,4230,4290,8600,3145
2004-12-09,4300,4550,4300,4500,53700,3299
2004-12-10,4540,4590,4300,4400,19300,3226
2004-12-13,4400,4525,4305,4405,13400,3229
2004-12-14,4460,4460,4305,4310,31900,3160
2004-12-15,4290,4350,4285,4350,17500,3189
2004-12-16,4375,4390,4300,4340,8600,3182
2004-12-17,4285,4350,4285,4350,2400,3189
2004-12-20,4275,4355,4270,4280,2800,3138
2004-12-21,4280,4365,4260,4330,5600,3174
2004-12-22,4270,4350,4220,4265,3900,3127
2004-12-23,4250,4305,4250,4260,3400,3123
2004-12-24,4295,4300,4255,4300,7500,3152
2004-12-27,4295,4325,4270,4315,3200,3163
2004-12-28,4305,4325,4280,4315,5000,3163
2004-12-29,4185,4220,4160,4180,5400,3314
2004-12-30,4200,4235,4185,4230,2300,3354
2005-01-03,4230,4230,4180,4230,900,3354
2005-01-04,4200,4200,4135,4185,10100,3318
2005-01-05,4185,4185,4120,4125,400,3270
2005-01-06,4125,4190,4115,4190,23700,3322
2005-01-07,4150,4300,4150,4300,10500,3409
2005-01-10,4300,4300,4170,4200,7100,3330
2005-01-11,4200,4210,4180,4200,11100,3330
2005-01-12,4200,4200,4160,4200,1400,3330
2005-01-13,4170,4195,4170,4195,12600,3326
2005-01-14,4195,4200,4165,4165,4100,3302
2005-01-17,4165,4225,4155,4200,9800,3330
2005-01-18,4200,4240,4165,4240,19000,3361
2005-01-19,4250,4400,4200,4335,15600,3437
2005-01-20,4310,4450,4300,4415,20600,3500
2005-01-21,4440,4440,4300,4315,12200,3421
2005-01-24,4350,4390,4280,4350,18100,3449
2005-01-25,4480,4480,4320,4350,29100,3449
2005-01-26,4400,4400,4340,4350,62200,3449
2005-01-27,4360,4525,4350,4430,77600,3512
2005-01-28,4490,4500,4385,4490,29500,3560
2005-01-31,4500,4500,4400,4440,21700,3520
2005-02-01,4485,4700,4440,4630,54000,3671
2005-02-02,4680,4680,4560,4630,13900,3671
2005-02-03,4700,4790,4610,4760,32100,3774
2005-02-04,4800,4850,4635,4760,33700,3774
2005-02-07,4850,4910,4720,4910,30500,3893
2005-02-11,4910,4975,4860,4975,25000,3944
2005-02-14,5000,5150,5000,5070,21900,4020
2005-02-15,5090,5160,5010,5110,13800,4051
2005-02-16,5250,5290,5030,5130,15900,4067
2005-02-17,5200,5250,5030,5130,9900,4067
2005-02-18,5200,5200,5000,5100,18800,4043
2005-02-21,5170,5170,5000,5110,27800,4051
2005-02-22,5150,5650,5130,5200,59300,4123
2005-02-23,5050,5200,5030,5080,21900,4028
2005-02-24,5100,5220,5080,5220,17100,4139
2005-02-25,5200,5410,5200,5250,26300,4162
2005-02-28,5270,5620,5270,5520,33700,4376
2005-03-02,5510,5750,5500,5670,33000,4495
2005-03-03,5880,5880,5620,5700,24400,4519
2005-03-04,5600,5740,5600,5660,13200,4487
2005-03-07,5660,5950,5500,5660,27800,4487
2005-03-08,5660,6000,5600,5740,39900,4551
2005-03-09,5740,5840,5670,5740,5800,4551
2005-03-10,5870,5890,5760,5800,19600,4598
2005-03-11,5660,5850,5660,5790,28700,4590
2005-03-14,5670,5890,5670,5790,11700,4590
2005-03-15,5930,5950,5600,5600,42000,4440
2005-03-16,5580,5630,5520,5610,11100,4448
2005-03-17,5600,5680,5550,5610,7300,4448
2005-03-18,5600,5690,5600,5610,12300,4448
2005-03-21,5620,5620,5550,5570,12100,4416
2005-03-22,5570,5590,5480,5580,11500,4424
2005-03-23,5570,5570,5430,5540,12800,4392
2005-03-24,5540,5580,5420,5540,12600,4392
2005-03-25,5500,5580,5320,5580,24700,4424
2005-03-28,5540,5660,5500,5600,3800,4440
2005-03-29,5550,5610,5490,5550,15500,4400
2005-03-30,5500,5650,5500,5650,12100,4479
2005-03-31,5560,5700,5560,5630,3800,4464
2005-04-01,5600,6200,5600,5910,32300,4686
2005-04-04,5950,5960,5850,5930,12700,4701
2005-04-06,5890,6000,5770,5930,9400,4701
2005-04-07,5950,6000,5840,5940,7800,4709
2005-04-08,5990,5990,5840,5920,5800,4694
2005-04-11,5920,5920,5770,5780,10000,4583
2005-04-12,5770,5900,5640,5800,7300,4598
2005-04-13,5850,5850,5730,5810,7800,4606
2005-04-14,5820,5820,5730,5810,6500,4606
2005-04-15,5800,5800,5650,5660,11200,4487
2005-04-18,5600,5600,5400,5400,38200,4281
2005-04-19,5500,5660,5420,5660,25100,4487
2005-04-20,5530,5690,5520,5680,23300,4503
2005-04-21,5520,5640,5490,5590,8300,4432
2005-04-22,5610,5610,5610,5610,1600,4448
2005-04-25,5790,5790,5600,5600,2900,4440
2005-04-26,5570,5700,5560,5690,4600,4511
2005-04-27,5600,5690,5590,5690,500,4511
2005-04-28,5610,5780,5510,5600,4900,4440
2005-04-29,5520,5580,5400,5490,10100,4353
2005-05-02,5580,5580,5560,5560,600,4408
2005-05-03,5430,5560,5430,5450,5100,4321
2005-05-04,5400,5550,5400,5550,2200,4400
2005-05-06,5650,5740,5500,5700,10600,4519
2005-05-09,5700,5750,5630,5700,2800,4519
2005-05-10,5650,5740,5630,5680,12600,4503
2005-05-11,5680,5690,5550,5680,5700,4503
2005-05-12,5780,5780,5600,5750,11200,4559
2005-05-13,5730,5740,5600,5710,3700,4527
2005-05-16,5620,5700,5600,5650,10900,4479
2005-05-17,5690,5690,5580,5660,1300,4487
2005-05-18,5630,5710,5600,5640,20900,4472
2005-05-19,5650,5650,5560,5630,8600,4464
2005-05-20,5680,5690,5600,5680,3800,4503
2005-05-23,5570,5700,5570,5610,5500,4448
2005-05-24,5610,5730,5600,5700,16900,4519
2005-05-25,5610,5720,5600,5630,15600,4464
2005-05-26,5600,5750,5600,5700,4900,4519
2005-05-27,5600,5820,5600,5750,7000,4559
2005-05-30,5700,5750,5690,5750,8500,4559
2005-05-31,5730,5780,5710,5750,3400,4559
2005-06-01,5740,5740,5510,5710,12600,4527
2005-06-02,5720,5800,5600,5750,10600,4559
2005-06-03,5620,5740,5590,5590,23500,4432
2005-06-07,5670,5670,5400,5550,12100,4400
2005-06-08,5640,5640,5320,5450,23900,4321
2005-06-09,5360,5390,5230,5300,26900,4202
2005-06-10,5270,5330,5230,5300,17200,4202
2005-06-13,5300,5490,5270,5300,53700,4202
2005-06-14,5660,6020,5540,5720,179900,4535
2005-06-15,5800,6030,5620,5730,47000,4543
2005-06-16,5840,5840,5600,5640,14900,4472
2005-06-17,5600,5740,5600,5690,16900,4511
2005-06-20,5640,5780,5620,5640,8600,4472
2005-06-21,5610,5640,5610,5610,3500,4448
2005-06-22,5530,5790,5530,5600,1121200,4440
2005-06-23,5780,6110,5700,5990,66300,4749
2005-06-24,5850,6150,5850,6100,22700,4836
2005-06-27,6000,6060,5960,6010,12800,4765
2005-06-28,5820,6200,5820,6110,19700,4844
2005-06-29,6200,6350,6170,6350,43900,5035
2005-06-30,6250,6430,6250,6400,60300,5074
2005-07-01,6300,6850,6260,6560,75600,5201
2005-07-04,6570,6940,6570,6870,30400,5447
2005-07-05,6870,7100,6850,6950,59600,5510
2005-07-06,7000,7000,6830,7000,23100,5550
2005-07-07,6990,7000,6860,6990,20900,5542
2005-07-08,6860,6980,6700,6850,11400,5431
2005-07-11,6750,6850,6610,6840,23000,5423
2005-07-12,6720,6940,6700,6880,51000,5455
2005-07-13,6900,6900,6720,6830,7500,5415
2005-07-14,6880,6990,6880,6970,6600,5526
2005-07-15,7000,7080,6710,6960,30600,5518
2005-07-18,6800,6970,6750,6800,19000,5391
2005-07-19,6750,6860,6710,6770,18900,5368
2005-07-20,6750,6870,6640,6800,19400,5391
2005-07-21,6930,7140,6710,7100,63500,5629
2005-07-22,7010,7040,6880,7000,24400,5550
2005-07-25,7150,7150,6880,6990,7600,5542
2005-07-26,7000,7000,6800,6990,19000,5542
2005-07-27,6850,7100,6850,7010,10200,5558
2005-07-28,6910,7040,6900,6990,15900,5542
2005-07-29,6960,7090,6950,6980,4500,5534
2005-08-01,7100,7160,7060,7110,14400,5637
2005-08-02,7110,7430,7000,7370,31700,5843
2005-08-03,7250,7500,7160,7350,20400,5827
2005-08-04,7480,7480,7110,7260,25600,5756
2005-08-05,7140,7200,6910,7200,27300,5708
2005-08-08,7190,7190,6920,7030,13200,5574
2005-08-09,7130,7130,7010,7090,6400,5621
2005-08-10,7090,7090,7000,7080,800,5613
2005-08-11,7000,7440,6920,7100,67300,5629
2005-08-12,7060,7140,7030,7080,10300,5613
2005-08-16,7100,7100,6860,6910,9100,5479
2005-08-17,6800,6890,6660,6660,19100,5280
2005-08-18,6720,6730,6600,6660,16300,5280
2005-08-19,6570,6700,6570,6700,10400,5312
2005-08-22,6700,7000,6700,6720,8100,5328
2005-08-23,6720,6970,6660,6670,7400,5288
2005-08-24,6710,6710,6590,6660,6500,5280
2005-08-25,6650,6740,6600,6620,5400,5249
2005-08-26,6650,6780,6600,6600,11400,5233
2005-08-29,6600,6600,6380,6450,18800,5114
2005-08-30,6490,6600,6380,6500,7900,5153
2005-08-31,6490,6500,6380,6460,8400,5122
2005-09-01,6680,6680,6470,6570,31800,5209
2005-09-02,6650,6730,6510,6650,10000,5272
2005-09-05,6620,6760,6620,6700,6200,5312
2005-09-06,6760,6830,6670,6700,17500,5312
2005-09-07,6710,6880,6710,6800,27500,5391
2005-09-08,6800,6840,6760,6830,4500,5415
2005-09-09,6830,6840,6750,6830,7900,5415
2005-09-12,6770,6990,6770,6920,18300,5486
2005-09-13,6920,6980,6830,6980,8000,5534
2005-09-14,6950,7060,6900,6950,1600,5510
2005-09-15,6940,6940,6710,6800,9300,5391
2005-09-16,6850,6900,6780,6900,3700,5471
2005-09-20,7000,7040,6860,6900,22300,5471
2005-09-21,6910,7000,6850,6920,20700,5486
2005-09-22,6990,7440,6920,7290,14700,5780
2005-09-23,7380,7790,7300,7460,27800,5915
2005-09-26,7350,8390,7350,8140,44300,6454
2005-09-27,8400,8400,7900,8000,24100,6343
2005-09-28,8250,8670,8030,8500,36900,6739
2005-09-29,8320,8560,8250,8400,13860,6660
2005-09-30,8330,8610,8300,8540,9030,6771
2005-10-04,8540,9290,8540,9000,14030,7136
2005-10-05,9010,9480,8810,9160,25200,7263
2005-10-06,9250,9250,9010,9160,5010,7263
2005-10-07,9160,9300,9000,9130,19950,7239
2005-10-10,9200,9200,8950,9150,16920,7255
2005-10-11,9150,9320,9120,9190,12420,7286
2005-10-12,9240,9240,9060,9170,18190,7271
2005-10-13,9170,10000,9150,9150,9130,7255
2005-10-14,9150,9230,8900,9130,19160,7239
2005-10-17,9040,9100,8870,9010,18800,7144
2005-10-18,9000,9070,8930,9000,7650,7136
2005-10-19,8900,8900,8650,8780,12800,6961
2005-10-20,8800,9040,8660,8920,12300,7072
2005-10-21,8950,8950,8800,8950,5950,7096
2005-10-24,9040,9100,8950,9040,10340,7167
2005-10-25,9340,9340,8950,8950,9030,7096
2005-10-26,9050,9350,8860,8900,7480,7056
2005-10-27,8840,8950,8500,8850,5610,7017
2005-10-28,8710,8990,8600,8800,4870,6977
2005-10-31,8850,8850,8660,8800,1330,6977
2005-11-01,8550,8800,8550,8750,11280,6938
2005-11-02,8630,8810,8620,8750,5610,6938
2005-11-03,8750,8880,8750,8880,5530,7041
2005-11-04,8750,8900,8750,8900,6800,7056
2005-11-07,8950,8950,8760,8810,3270,6985
2005-11-08,8850,8990,8780,8970,1750,7112
2005-11-09,9080,9080,8870,9030,10770,7160
2005-11-10,9180,9250,8900,9030,11170,7160
2005-11-11,9050,9170,8900,9000,32660,7136
2005-11-14,9000,9670,8970,9480,11243,7516
2005-11-15,9200,9500,9110,9500,18100,7532
2005-11-16,9500,9670,9470,9510,22520,7540
2005-11-17,9580,9770,9410,9760,15240,7738
2005-11-18,9750,9930,9750,9930,16370,7873
2005-11-21,10200,10850,10050,10350,42318,8206
2005-11-22,10400,10700,10150,10500,17280,8325
2005-11-23,10500,10750,10150,10600,21330,8404
2005-11-24,10650,12000,10650,11600,48140,9197
2005-11-25,11550,11900,11100,11700,26312,9277
2005-11-28,11950,13200,11700,12000,106310,9514
2005-11-29,12000,12200,11100,11850,61578,9396
2005-11-30,11850,11900,11050,11500,42255,9118
2005-12-01,11300,11700,11000,11700,18300,9277
2005-12-02,11550,12200,11450,11950,25260,9475
2005-12-05,11850,12100,11500,11500,13290,9118
2005-12-06,11350,11550,10900,11100,15470,8801
2005-12-07,11300,11300,10600,11200,23080,8880
2005-12-08,10800,11300,10800,11150,9150,8840
2005-12-09,11200,11200,10750,11000,8455,8722
2005-12-12,11100,11300,10950,11300,4620,8959
2005-12-13,11000,11600,11000,11600,8685,9197
2005-12-14,11500,11700,11200,11400,11410,9039
2005-12-15,11400,11800,11300,11650,15810,9237
2005-12-16,11500,11600,11000,11250,13750,8920
2005-12-19,11200,11900,11050,11750,30500,9316
2005-12-20,11750,12500,11500,12400,47010,9832
2005-12-21,12400,12750,12000,12550,43140,9951
2005-12-22,12800,12800,11800,12000,23800,9514
2005-12-23,11600,11650,10900,11600,37650,9197
2005-12-26,11200,11600,11150,11300,7200,8959
2005-12-27,11100,11500,11100,11300,11310,8959
2005-12-28,10850,11150,10800,10950,7581,9084
2005-12-29,12400,12400,10750,11100,15480,9208
2006-01-02,10850,11100,10600,11050,17760,9167
2006-01-03,11050,11050,10750,10950,13920,9084
2006-01-04,10800,11100,10700,10950,30550,9084
2006-01-05,11050,11050,10400,10800,25006,8959
2006-01-06,10550,10800,10500,10750,26750,8918
2006-01-09,10600,10700,10500,10650,13360,8835
2006-01-10,10600,10850,10450,10600,11280,8794
2006-01-11,10600,10600,10300,10550,22010,8752
2006-01-12,10450,10700,10450,10650,9480,8835
2006-01-13,10800,11100,10600,11000,18230,9125
2006-01-16,11300,11300,10700,10700,11600,8876
2006-01-17,10700,10700,10300,10300,40250,8545
2006-01-18,10200,10350,9910,10000,57890,8296
2006-01-19,9940,10200,9940,10050,96645,8337
2006-01-20,10000,10850,10000,10500,37380,8711
2006-01-23,10000,10400,9500,9550,50270,7922
2006-01-24,9500,9880,9430,9550,25930,7922
2006-01-25,9880,9880,9550,9790,15600,8122
2006-01-26,9650,9850,9530,9780,8200,8113
2006-01-27,9660,10200,9660,10200,7620,8462
2006-01-31,10300,10300,9830,10300,44080,8545
2006-02-01,9940,9940,9410,9870,38190,8188
2006-02-02,9800,9900,9610,9900,3960,8213
2006-02-03,9750,9850,9580,9780,8490,8113
2006-02-06,9600,9780,9550,9680,5410,8030
2006-02-07,9620,9730,9500,9600,9623,7964
2006-02-08,9650,9700,9500,9500,8340,7881
2006-02-09,9500,9640,9500,9530,5520,7906
2006-02-10,9650,10150,9640,10150,41500,8420
2006-02-13,9940,10250,9940,9970,5717,8271
2006-02-14,9830,9960,9760,9960,17384,8263
2006-02-15,10000,10000,9640,9700,40370,8047
2006-02-16,9760,9840,9700,9800,87985,8130
2006-02-17,10150,10150,9820,9900,6040,8213
2006-02-20,9950,10450,9880,10250,9013,8503
2006-02-21,9990,10000,9830,9900,7370,8213
2006-02-22,9960,10100,9960,10050,19932,8337
2006-02-23,10250,10300,10050,10300,4250,8545
2006-02-24,10400,10600,10250,10450,14140,8669
2006-02-27,10450,11400,10450,11250,31530,9333
2006-02-28,11250,11700,11050,11700,24380,9706
2006-03-02,11850,11850,11400,11700,7440,9706
2006-03-03,11650,11650,11000,11400,17960,9457
2006-03-06,11400,11500,11000,11300,30980,9374
2006-03-07,11600,11600,11000,11000,16490,9125
2006-03-08,10800,11050,10600,11000,11330,9125
2006-03-09,10800,11200,10750,11200,3210,9291
2006-03-10,11100,11100,10900,10900,4380,9042
2006-03-13,11200,11200,10750,11150,11180,9250
2006-03-14,11250,11250,10800,11050,4170,9167
2006-03-15,11200,11200,10800,10950,3030,9084
2006-03-16,10950,10950,10750,10900,8270,9042
2006-03-17,10750,10950,10750,10900,5580,9042
2006-03-20,10850,11200,10650,10800,8790,8959
2006-03-21,10650,10850,10650,10850,8580,9001
2006-03-22,10650,10900,10500,10500,15160,8711
2006-03-23,10500,10800,10500,10750,6690,8918
2006-03-24,10950,10950,10550,10800,4740,8959
2006-03-27,10900,10900,10750,10850,3580,9001
2006-03-28,10850,10900,10750,10850,1450,9001
2006-03-29,10850,11300,10800,11250,20813,9333
2006-03-30,11350,11350,11000,11000,13200,9125
2006-03-31,11000,11250,10950,11250,9680,9333
2006-04-03,11300,11300,10900,11250,5620,9333
2006-04-04,11300,11350,11200,11200,35880,9291
2006-04-05,11200,11300,11050,11050,22540,9167
2006-04-06,11300,11400,11000,11400,21105,9457
2006-04-07,11250,11450,11250,11400,8060,9457
2006-04-10,11400,11750,11300,11700,11660,9706
2006-04-11,11700,11850,11650,11750,4230,9748
2006-04-12,11900,12100,11900,12050,9950,9996
2006-04-13,12100,12200,12000,12150,3370,10079
2006-04-14,12150,12550,12150,12250,20540,10162
2006-04-17,12250,12300,12200,12200,4030,10121
2006-04-18,12200,12300,12100,12250,3850,10162
2006-04-19,12300,12350,12150,12150,39020,10079
2006-04-20,12300,12350,12100,12300,48440,10204
2006-04-21,12300,12400,12300,12400,65420,10287
2006-04-24,12950,12950,12250,12800,164580,10619
2006-04-25,12600,12850,12350,12450,24450,10328
2006-04-26,12650,12750,12400,12550,5050,10411
2006-04-27,12900,12900,12400,12700,4320,10536
2006-04-28,12700,12700,12400,12600,16020,10453
2006-05-02,12750,14000,12500,13650,26412,11324
2006-05-03,14000,14700,13600,14250,31026,11822
2006-05-04,14250,14500,14050,14400,7980,11946
2006-05-08,14250,14800,13800,14600,23550,12112
2006-05-09,14750,15150,14150,15150,35841,12568
2006-05-10,15000,15350,15000,15250,12730,12651
2006-05-11,15250,15400,15000,15250,5811,12651
2006-05-12,14850,15100,14500,15100,9290,12527
2006-05-15,14750,14750,14100,14350,7340,11905
2006-05-16,14600,14600,13600,14000,14040,11614
2006-05-17,13750,14200,13750,14100,20100,11697
2006-05-18,13650,14000,13400,14000,7800,11614
2006-05-19,14200,14550,14150,14550,15900,12071
2006-05-22,14200,14550,14150,14550,15990,12071
2006-05-23,13800,13900,13300,13600,18700,11282
2006-05-24,13200,13800,13200,13500,27450,11199
2006-05-25,13500,13800,13200,13750,6080,11407
2006-05-26,14000,14000,13150,13750,12010,11407
2006-05-29,13850,13900,13500,13800,2300,11448
2006-05-30,13800,13950,13400,13400,850,11116
2006-05-31,13850,13900,13500,13800,2320,11448
2006-06-01,13400,14300,13100,13600,10887,11282
2006-06-02,13600,14300,13100,13600,5130,11282
2006-06-05,13700,13700,13500,13700,8900,11365
2006-06-07,13100,13700,13000,13000,22960,10785
2006-06-08,12600,13000,12250,12250,41383,10162
2006-06-09,12200,12700,12200,12650,3420,10494
2006-06-12,12200,12800,12200,12700,6130,10536
2006-06-13,12700,12900,12350,12600,330,10453
2006-06-14,12100,12550,12100,12500,1470,10370
2006-06-15,12600,12700,12250,12550,1840,10411
2006-06-16,12700,12800,12250,12350,14410,10245
2006-06-19,12200,12400,12050,12350,2090,10245
2006-06-20,12150,12450,12100,12400,5200,10287
2006-06-21,12250,12250,12050,12100,5610,10038
2006-06-22,12350,12350,12150,12200,730,10121
2006-06-23,12900,12900,12000,12350,3220,10245
2006-06-26,12050,12350,11850,12350,4940,10245
2006-06-27,12400,12400,12150,12300,610,10204
2006-06-28,12100,12300,12000,12300,5560,10204
2006-06-29,12300,12300,12000,12100,56200,10038
2006-06-30,12300,12300,12050,12250,7820,10162
2006-07-03,12350,12350,12100,12200,4003,10121
2006-07-04,12300,12350,12200,12300,3800,10204
2006-07-05,12200,12400,12100,12350,4200,10245
2006-07-06,12350,12350,12150,12350,2700,10245
2006-07-07,12350,12700,12350,12500,3900,10370
2006-07-10,12900,12900,12600,12600,3300,10453
2006-07-11,12750,13150,12750,13000,2700,10785
2006-07-12,12900,12900,12500,12850,7100,10660
2006-07-13,12550,12900,12550,12850,1400,10660
2006-07-14,12550,12700,12450,12600,3200,10453
2006-07-18,12400,12500,12200,12350,5000,10245
2006-07-19,12200,12300,12150,12150,3000,10079
2006-07-20,12800,12800,12250,12550,1600,10411
2006-07-21,12300,12650,12300,12350,260,10245
2006-07-24,12300,12600,12250,12600,3130,10453
2006-07-25,12800,12800,12500,12650,291,10494
2006-07-26,12450,12850,12100,12600,14400,10453
2006-07-27,12300,12500,12300,12500,500,10370
2006-07-28,12450,12450,12300,12450,2160,10328
2006-07-31,12500,12500,12350,12450,710,10328
2006-08-01,12300,12450,12300,12450,2050,10328
2006-08-02,12400,12450,12400,12450,2490,10328
2006-08-03,12450,12500,12450,12500,1000,10370
2006-08-04,12500,12700,12450,12700,1180,10536
2006-08-07,12500,12700,12450,12500,4680,10370
2006-08-08,12400,12500,12400,12500,650,10370
2006-08-09,12500,12600,12400,12500,22200,10370
2006-08-10,12450,12500,12450,12500,1120,10370
2006-08-11,12450,12700,12450,12600,1080,10453
2006-08-14,12700,12850,12650,12800,6200,10619
2006-08-16,12800,13200,12800,13050,4620,10826
2006-08-17,13100,13100,13000,13100,17270,10868
2006-08-18,13000,13150,12900,13150,1020,10909
2006-08-21,13000,13050,12850,13050,9300,10826
2006-08-22,13050,13350,13050,13350,5200,11075
2006-08-23,13800,13800,13050,13700,1510,11365
2006-08-24,13850,13850,13150,13400,1520,11116
2006-08-25,13050,13350,13000,13250,3810,10992
2006-08-28,13600,13600,12900,13100,4640,10868
2006-08-29,13400,13400,12950,13100,750,10868
2006-08-30,13100,13100,12900,12900,3020,10702
2006-08-31,12900,13650,12900,13500,19460,11199
2006-09-01,13600,13600,13050,13400,7290,11116
2006-09-04,13400,13400,13150,13400,1130,11116
2006-09-05,13300,13650,13250,13500,580,11199
2006-09-06,13250,13550,13250,13500,2080,11199
2006-09-07,13200,13450,13150,13450,500,11158
2006-09-08,13450,13500,13200,13500,4410,11199
2006-09-11,15000,15000,13300,13450,8600,11158
2006-09-12,13600,13600,13400,13500,5470,11199
2006-09-13,13500,13650,13350,13500,2350,11199
2006-09-14,13500,13650,13400,13600,5520,11282
2006-09-15,13550,13750,13450,13700,9260,11365
2006-09-18,14150,15650,13700,15400,143600,12776
2006-09-19,15550,15550,14800,15200,22370,12610
2006-09-20,15200,15800,14950,15650,31127,12983
2006-09-21,15800,15850,15450,15750,17190,13066
2006-09-22,16000,18100,15900,17300,357740,14352
2006-09-25,17400,17500,16150,16850,61033,13979
2006-09-26,16800,17450,16450,16500,35547,13688
2006-09-27,16650,17500,16600,17100,36160,14186
2006-09-28,17500,17500,16750,16750,22607,13896
2006-09-29,16750,16900,16400,16400,24553,13605
2006-10-02,16400,17300,16400,17150,17220,14228
2006-10-04,17000,17300,16800,16850,11190,13979
2006-10-09,16950,16950,15000,15850,47080,13149
2006-10-10,15850,15900,15300,15450,16230,12817
2006-10-11,15550,16100,15100,15750,20150,13066
2006-10-12,15950,16100,15550,16000,8850,13273
2006-10-13,16150,16150,15700,15850,3500,13149
2006-10-16,16100,16100,15500,15700,6310,13025
2006-10-17,15600,15850,15300,15750,12520,13066
2006-10-18,15750,15850,15450,15700,15230,13025
2006-10-19,15900,15900,15500,15700,8390,13025
2006-10-20,15600,15700,15450,15600,8360,12942
2006-10-23,15450,15700,15450,15600,4490,12942
2006-10-24,15600,15800,15500,15550,5100,12900
2006-10-25,15550,16350,15500,15700,15670,13025
2006-10-26,16000,16100,15700,16000,3590,13273
2006-10-27,16000,16100,15800,15800,1560,13108
2006-10-30,15700,15900,15600,15650,1730,12983
2006-10-31,15700,15850,15600,15850,15610,13149
2006-11-01,16100,17250,16000,16800,69590,13937
2006-11-02,17000,17600,16600,17600,17110,14601
2006-11-03,17750,17800,17250,17800,11700,14767
2006-11-06,17500,17500,17000,17050,29990,14145
2006-11-07,17100,17400,16900,17100,11520,14186
2006-11-08,17100,17750,17100,17300,7878,14352
2006-11-09,17050,17400,17050,17300,8810,14352
2006-11-10,17300,17500,17050,17500,14647,14518
2006-11-13,17350,17550,17300,17500,5210,14518
2006-11-14,17900,18200,17650,18000,45547,14933
2006-11-15,18000,18100,17700,17850,7467,14808
2006-11-16,17600,18150,17600,17850,16170,14808
2006-11-17,17850,18200,17850,18050,34121,14974
2006-11-20,18100,18200,17900,18200,26253,15099
2006-11-21,19050,19200,18100,18100,97480,15016
2006-11-22,18100,18500,17900,18000,26330,14933
2006-11-23,18100,18300,17700,17950,20151,14891
2006-11-24,17800,18150,17800,18000,13340,14933
2006-11-27,17950,18650,17750,18550,47920,15389
2006-11-28,18250,19100,18100,18550,38370,15389
2006-11-29,18850,18850,18400,18550,15500,15389
2006-11-30,18650,18650,18150,18250,15899,15140
2006-12-01,18150,18400,18050,18400,22406,15265
2006-12-04,18200,18750,18200,18550,13510,15389
2006-12-05,18400,18550,18300,18500,7230,15348
2006-12-06,18500,18600,18150,18200,25130,15099
2006-12-07,18250,18600,18200,18500,8620,15348
2006-12-08,18200,18700,18200,18400,9139,15265
2006-12-11,18350,18500,18150,18400,14020,15265
2006-12-12,18200,18450,17600,18100,45640,15016
2006-12-13,18200,18300,17850,18100,7460,15016
2006-12-14,17900,18300,17850,18200,8760,15099
2006-12-15,18300,18500,18200,18450,21382,15306
2006-12-18,18250,19100,18150,18900,29870,15679
2006-12-19,18900,19150,18550,18750,6800,15555
2006-12-20,18600,18950,18500,18600,15340,15430
2006-12-21,18850,18850,18550,18600,6300,15430
2006-12-22,18500,18650,18300,18450,26940,15306
2006-12-26,18500,18500,18100,18150,7880,15057
2006-12-27,18450,18450,17600,18200,6000,15659
2006-12-28,18250,18250,17950,18000,1000,15487
2007-01-02,17750,17950,17550,17950,19127,15444
2007-01-03,17650,18100,17300,17450,49160,15014
2007-01-04,17800,17800,17250,17400,14230,14971
2007-01-05,17400,17500,17000,17450,15860,15014
2007-01-08,17200,17600,17200,17350,12360,14928
2007-01-09,17300,17550,17300,17500,4341,15057
2007-01-10,17300,17500,17300,17500,6720,15057
2007-01-11,17500,17700,17500,17600,5440,15143
2007-01-12,17600,17750,17550,17700,6100,15229
2007-01-15,17600,17700,17550,17600,5820,15143
2007-01-16,17600,17600,17400,17600,4680,15143
2007-01-17,17700,17700,17300,17350,4410,14928
2007-01-18,17300,17350,17200,17200,9080,14799
2007-01-19,17150,17600,17150,17600,16550,15143
2007-01-22,17600,17800,17150,17800,17620,15315
2007-01-23,17800,18150,17300,17900,14770,15401
2007-01-24,17900,17900,17700,17700,2330,15229
2007-01-25,17700,17900,17600,17650,4240,15186
2007-01-26,17650,17750,17600,17750,2620,15272
2007-01-29,17600,18000,17600,18000,7600,15487
2007-01-30,17850,17900,17700,17750,2820,15272
2007-01-31,17600,17800,17450,17700,8470,15229
2007-02-01,17700,17800,17600,17750,4620,15272
2007-02-02,17600,17850,17600,17650,7333,15186
2007-02-05,17650,18000,17650,17950,6720,15444
2007-02-06,18250,18250,17950,18100,9590,15573
2007-02-07,18100,18300,18100,18250,4770,15702
2007-02-08,18350,18450,18150,18400,6400,15832
2007-02-09,18450,18900,18300,18500,15750,15918
2007-02-12,18550,18550,18050,18550,7060,15961
2007-02-13,18800,18800,18200,18400,6600,15832
2007-02-14,18400,18450,18250,18250,3333,15702
2007-02-15,18250,18800,18250,18800,24084,16176
2007-02-16,18900,19100,18550,18750,19210,16133
2007-02-20,19100,19100,18350,18700,11731,16090
2007-02-21,18500,18650,18350,18600,5200,16004
2007-02-22,18750,18750,18300,18700,20301,16090
2007-02-23,18500,19000,18400,19000,16070,16348
2007-02-26,19000,19050,18700,19050,3100,16391
2007-02-27,19050,19350,18850,19000,2180,16348
2007-02-28,18750,18950,18650,18650,14460,16047
2007-03-05,18350,18900,18200,18700,33264,16090
2007-03-06,18700,18800,18400,18500,6096,15918
2007-03-07,18900,18900,18200,18500,8040,15918
2007-03-08,18500,18550,18350,18400,4130,15832
2007-03-09,18400,18650,18400,18400,5007,15832
2007-03-12,18400,18700,18400,18700,590,16090
2007-03-13,18700,18850,18500,18850,4410,16219
2007-03-14,18650,18750,18400,18700,2090,16090
2007-03-15,18400,19050,18400,19000,10840,16348
2007-03-16,18900,19200,18800,19200,6830,16520
2007-03-19,19300,19750,19200,19600,8942,16864
2007-03-20,19800,19950,19600,19950,6810,17165
2007-03-21,19900,19900,19450,19500,3300,16778
2007-03-22,19900,19900,19300,19450,3040,16735
2007-03-23,19450,19700,18900,19600,11230,16864
2007-03-26,19350,20900,19350,20650,17707,17768
2007-03-27,20800,21000,20650,20800,4200,17897
2007-03-28,19900,21000,19900,20850,9010,17940
2007-03-29,20850,21000,20800,21000,1760,18069
2007-03-30,21000,21550,21000,21000,8710,18069
2007-04-02,21300,21300,20150,20850,5740,17940
2007-04-03,21100,21500,20600,21400,4080,18413
2007-04-04,23000,23000,21550,21800,40970,18757
2007-04-05,22000,22400,21450,22000,4680,18929
2007-04-06,21900,21900,21500,21900,5154,18843
2007-04-09,21550,22300,21550,22000,8511,18929
2007-04-10,21800,22500,21650,22150,1990,19058
2007-04-11,22050,23400,21550,21550,7180,18542
2007-04-12,21500,22200,21200,22200,9931,19101
2007-04-13,22200,22600,22000,22200,3190,19101
2007-04-16,21750,22500,21750,21850,4123,18800
2007-04-17,22450,22450,21400,21750,8700,18714
2007-04-18,21650,21950,21300,21750,9840,18714
2007-04-19,21600,21750,21200,21650,5610,18628
2007-04-20,21850,22650,21650,22050,10230,18972
2007-04-23,23650,23950,22450,22950,19670,19747
2007-04-24,22650,23000,22400,23000,29221,19790
2007-04-25,22800,22950,22550,22600,23220,19445
2007-04-26,22250,23000,22250,22600,16210,19445
2007-04-27,22600,23350,22600,23200,23431,19962
2007-04-30,23250,24700,22550,22800,24900,19617
2007-05-02,22700,22950,22650,22650,14930,19488
2007-05-03,22650,23300,22650,22850,3020,19661
2007-05-04,22950,23900,22950,23850,22200,20521
2007-05-07,23900,24500,23500,24200,9780,20822
2007-05-08,24400,24400,24000,24350,7981,20951
2007-05-09,24350,24500,23800,24350,11640,20951
2007-05-10,24100,24350,23850,24000,9550,20650
2007-05-11,23800,24100,23700,24000,4961,20650
2007-05-14,24200,24200,23650,24000,12580,20650
2007-05-15,23600,23950,23300,23900,6870,20564
2007-05-16,23900,23900,22200,22550,44300,19402
2007-05-17,22600,23300,22600,23300,17960,20048
2007-05-18,23900,23900,22800,23100,10090,19876
2007-05-21,23400,25000,23400,24450,70440,21037
2007-05-22,25000,26500,24600,26000,75658,22371
2007-05-23,26900,28700,26300,28250,64632,24307
2007-05-25,27850,29600,27800,28700,41430,24694
2007-05-28,28600,29300,28350,28700,47160,24694
2007-05-29,28650,29000,28400,28700,41180,24694
2007-05-30,28700,29350,28400,28950,36970,24909
2007-05-31,29000,29600,28550,29500,19380,25382
2007-06-01,31000,31000,28150,28500,57310,24522
2007-06-04,28500,29450,28100,28600,63410,24608
2007-06-05,29250,29250,27750,28500,27610,24522
2007-06-07,28200,29500,27900,29300,50310,25210
2007-06-08,29400,29800,28500,29700,27200,25555
2007-06-11,30200,30300,29600,29650,48465,25511
2007-06-12,29650,30500,29650,30150,14600,25942
2007-06-13,30150,30150,29500,30000,6450,25813
2007-06-14,30000,30400,29550,30200,16891,25985
2007-06-15,30200,30200,29500,29850,11240,25684
2007-06-18,29850,29900,29350,29400,40278,25296
2007-06-19,29750,30750,29400,30500,59420,26243
2007-06-20,31400,31400,30150,30350,69120,26114
2007-06-21,30350,30700,29800,30250,16350,26028
2007-06-22,31000,31000,29700,30200,13670,25985
2007-06-25,29650,31000,29500,30550,28921,26286
2007-06-26,30550,30650,29950,30500,22900,26243
2007-06-27,30000,30350,29750,30000,7770,25813
2007-06-28,29850,30300,29800,30250,9740,26028
2007-06-29,30000,31600,30000,30900,22700,26587
2007-07-02,31750,31800,31000,31400,21080,27017
2007-07-03,31250,34600,31250,34000,55816,29254
2007-07-04,34150,35300,34150,35050,21767,30158
2007-07-05,35800,36950,35300,36500,24230,31405
2007-07-06,36500,37450,35800,37100,25380,31922
2007-07-09,36500,37500,36400,37150,14110,31965
2007-07-10,37150,37500,36600,37000,8120,31836
2007-07-11,36800,37500,36500,37500,36850,32266
2007-07-12,37000,39500,37000,38900,26510,33471
2007-07-13,39400,40500,39000,40500,18840,34847
2007-07-16,40700,40700,38850,39300,21960,33815
2007-07-18,38400,39000,36800,39000,50150,33557
2007-07-19,38650,39000,37500,39000,10700,33557
2007-07-20,38600,40350,38500,40000,20010,34417
2007-07-23,40000,40000,38900,39950,10030,34374
2007-07-24,39950,40000,39100,39250,8495,33772
2007-07-25,39000,39700,38550,39500,11460,33987
2007-07-26,39750,39750,38000,38400,12920,33040
2007-07-27,37200,38400,36000,38400,20840,33040
2007-07-30,37000,38800,36500,38400,7620,33040
2007-07-31,37800,39000,37750,38400,10060,33040
2007-08-01,36800,38500,36800,38500,7120,33126
2007-08-02,38450,38500,37000,37000,24670,31836
2007-08-03,37050,38200,35800,36000,15400,30975
2007-08-06,35350,35500,34200,35300,10886,30373
2007-08-07,35600,36300,34800,35200,6340,30287
2007-08-08,35300,35650,34600,35600,14310,30631
2007-08-09,35700,37000,35700,36650,16455,31535
2007-08-10,36600,36600,35500,36200,21720,31147
2007-08-13,35000,36550,35000,36200,15333,31147
2007-08-14,36200,38100,35500,36200,35980,31147
2007-08-16,35200,36200,33500,36200,35940,31147
2007-08-17,36200,36450,34800,35100,19882,30201
2007-08-20,35600,35650,35000,35400,8712,30459
2007-08-21,35300,35300,34850,35100,11320,30201
2007-08-22,35350,35350,34400,34400,5600,29599
2007-08-23,34750,36050,34750,35200,30870,30287
2007-08-24,35000,35400,35000,35250,15480,30330
2007-08-27,35250,36000,35250,35700,19070,30717
2007-08-28,35700,35700,35300,35500,8600,30545
2007-08-29,35500,37900,35000,37000,20960,31836
2007-08-30,38200,39000,37300,39000,28370,33557
2007-08-31,39900,40500,39100,40450,41160,34804
2007-09-03,40500,42000,40500,41700,40380,35880
2007-09-04,42000,42700,41500,42000,40420,36138
2007-09-05,42750,42750,40300,41500,12204,35708
2007-09-06,40550,41400,40000,41000,17082,35277
2007-09-07,40700,41500,40500,40850,5126,35148
2007-09-10,40000,40500,39550,39900,34200,34331
2007-09-11,40000,41700,39800,41400,9930,35622
2007-09-12,41400,42500,41000,41000,10320,35277
2007-09-13,41000,42000,40800,41900,17790,36052
2007-09-14,41500,42500,41500,42400,5950,36482
2007-09-17,42400,42950,40850,41150,14340,35407
2007-09-18,41150,41200,40500,40800,15730,35105
2007-09-19,40850,42950,40850,41100,12800,35364
2007-09-20,42000,42100,41150,41650,13910,35837
2007-09-21,46150,47850,44800,47000,169400,40440
2007-09-27,47200,49900,47050,47600,45880,40956
2007-09-28,48400,48400,46200,47350,19460,40741
2007-10-01,46800,48800,46800,47600,29362,40956
2007-10-02,47600,48400,47000,48200,38590,41473
2007-10-04,48350,51600,47550,50900,38038,43796
2007-10-05,50300,52800,50300,51000,33300,43882
2007-10-08,51500,54000,50700,54000,51020,46463
2007-10-09,54800,56300,53000,55900,42775,48098
2007-10-10,56400,56700,55000,55800,33691,48012
2007-10-11,55200,56900,54600,55800,31693,48012
2007-10-12,55200,55200,52800,54800,18240,47152
2007-10-15,54900,55600,54800,55200,12811,47496
2007-10-16,56300,56300,52500,54000,21699,46463
2007-10-17,53900,53900,50000,51500,23215,44312
2007-10-18,52300,53600,50800,53000,24168,45603
2007-10-19,53500,53500,50000,51300,29921,44140
2007-10-22,48100,49800,47050,49800,16534,42849
2007-10-23,53500,57200,52800,54000,305446,46463
2007-10-24,54700,55100,51500,52000,89118,44742
2007-10-25,52000,54600,51100,52500,44600,45173
2007-10-26,52100,53500,51900,51900,34066,44656
2007-10-29,53100,53100,50700,50700,42793,43624
2007-10-30,50500,51500,49000,51000,40155,43882
2007-10-31,51000,51000,49500,49800,23618,42849
2007-11-01,49950,50700,49500,49850,33477,42892
2007-11-02,48850,50700,48000,50700,39929,43624
2007-11-05,50700,51600,49300,49600,23268,42677
2007-11-06,49600,50300,48600,48700,13800,41903
2007-11-07,48700,49900,45500,47100,22300,40526
2007-11-08,46800,47000,44750,45500,23000,39149
2007-11-09,45500,46250,42000,42500,40943,36568
2007-11-12,41500,42550,38450,40000,50842,34417
2007-11-13,39250,40250,34000,37000,73896,31836
2007-11-14,37850,42000,37850,40500,42651,34847
2007-11-15,41650,43500,41000,41150,41500,35407
2007-11-16,41100,41100,38350,40900,34828,35191
2007-11-19,40900,42000,38850,39600,14100,34073
2007-11-20,38500,39250,37100,38950,18177,33514
2007-11-21,37600,39350,37600,38550,7095,33169
2007-11-22,37250,38550,36500,38550,22200,33169
2007-11-23,39600,39600,33350,36050,35470,31018
2007-11-26,37500,39250,36700,38500,16600,33126
2007-11-27,37500,39000,36850,38700,22623,33298
2007-11-28,38800,39750,38600,38600,13272,33212
2007-11-29,39000,39750,38700,38800,15600,33384
2007-11-30,39000,41500,39000,41300,13400,35536
2007-12-03,42000,44500,42000,43000,23068,36998
2007-12-04,42950,44500,42350,42800,17287,36826
2007-12-05,43000,43000,40600,40650,36276,34976
2007-12-06,40750,42350,39200,42350,36100,36439
2007-12-07,42300,43000,40450,43000,23830,36998
2007-12-10,42250,42300,41250,41250,9355,35493
2007-12-11,41000,41500,40650,41100,16007,35364
2007-12-12,40750,41650,40150,41500,11200,35708
2007-12-13,42800,44400,42000,42100,21761,36224
2007-12-14,41600,42250,41600,41900,5300,36052
2007-12-17,41000,41250,39800,39800,12948,34245
2007-12-18,37600,39900,37600,39500,10300,33987
2007-12-20,38800,39950,38050,38050,10575,32739
2007-12-21,37600,37900,36500,37000,29870,31836
2007-12-24,37000,39600,37000,39600,17160,34073
2007-12-26,39050,39800,37250,39800,14700,34245
2007-12-27,39800,40050,39000,40050,2911,35032
2007-12-28,40050,40450,39150,40050,4256,35032
2008-01-02,40050,40350,39600,40000,9124,34988
2008-01-03,39000,39900,36100,39700,21150,34726
2008-01-04,38950,40000,38500,39900,6910,34901
2008-01-07,39950,39950,38200,38550,9954,33720
2008-01-08,38250,39100,38250,39100,3854,34201
2008-01-09,38350,40000,38250,38750,10098,33895
2008-01-10,40300,40300,38750,39150,7366,34245
2008-01-11,38750,39250,38500,39100,4970,34201
2008-01-14,38500,39050,37250,37600,4997,32889
2008-01-15,37200,38700,36500,36500,4610,31927
2008-01-16,36000,36150,34000,34300,14058,30003
2008-01-17,34400,36000,33600,35000,12416,30615
2008-01-18,34950,34950,31550,33600,39236,29390
2008-01-21,33600,33600,31650,33300,17815,29128
2008-01-22,30700,32000,30000,31950,15080,27947
2008-01-23,31600,33800,31600,32750,17050,28647
2008-01-24,33000,35000,33000,34900,23625,30527
2008-01-25,34750,36500,34500,36300,11874,31752
2008-01-28,35200,35200,33300,33300,11538,29128
2008-01-29,33550,34550,33100,33350,3568,29172
2008-01-30,33500,34350,32250,32250,7256,28209
2008-01-31,31500,33000,31500,33000,15794,28865
2008-02-01,34350,34350,32300,33000,3704,28865
2008-02-04,34000,34500,32950,33500,12424,29303
2008-02-05,33150,34750,33150,34700,7508,30352
2008-02-11,33300,34900,33250,34900,3527,30527
2008-02-12,34450,35800,34450,35500,4173,31052
2008-02-13,35900,35900,34750,34750,1019,30396
2008-02-14,34750,36200,34750,36100,16500,31577
2008-02-15,35900,36100,34850,35100,18810,30702
2008-02-18,35200,35900,34600,35900,7610,31402
2008-02-19,35400,36850,35250,35500,4681,31052
2008-02-20,35150,36100,35000,35300,6470,30877
2008-02-21,35100,36000,34800,35000,5559,30615
2008-02-22,34600,34850,34200,34450,2958,30134
2008-02-25,34500,35000,34100,34450,8260,30134
2008-02-26,34600,36000,34600,35000,10560,30615
2008-02-27,37400,40000,36400,38500,59183,33676
2008-02-28,39800,40300,38100,38400,41959,33589
2008-02-29,38200,38400,37450,37650,14590,32933
2008-03-03,37000,37500,35750,37250,17520,32583
2008-03-04,37250,37450,36000,36550,10582,31971
2008-03-05,36500,37050,35400,36000,17603,31490
2008-03-06,35750,36400,35750,36000,10161,31490
2008-03-07,35950,35950,34150,35950,11482,31446
2008-03-10,35400,35400,33550,33850,12690,29609
2008-03-11,32650,34600,32650,34350,9771,30046
2008-03-12,35000,35300,33700,33950,15240,29696
2008-03-13,33950,34250,32800,33650,8192,29434
2008-03-14,33150,33900,32500,32500,10390,28428
2008-03-17,31700,31700,30500,31600,10450,27641
2008-03-18,31600,32850,31300,32500,11420,28428
2008-03-19,33300,33450,32150,32700,15411,28603
2008-03-20,32200,32400,31550,32000,6436,27991
2008-03-21,32500,33350,32500,33100,5525,28953
2008-03-24,33550,36700,33550,35000,38946,30615
2008-03-25,35000,36400,35000,35800,41065,31315
2008-03-26,35850,36700,34550,34800,28631,30440
2008-03-27,34500,35300,33900,35000,42134,30615
2008-03-28,35000,35700,34200,35700,26037,31227
2008-03-31,36450,36450,34900,35700,23278,31227
2008-04-01,35800,36400,35050,35050,24601,30659
2008-04-02,35500,36750,35500,35650,22693,31183
2008-04-03,35750,36450,35750,36250,6997,31708
2008-04-04,36950,36950,36250,36450,5230,31883
2008-04-07,36700,36850,36000,36300,9980,31752
2008-04-08,36400,36750,35700,36150,9714,31621
2008-04-10,35550,36200,35550,36150,11080,31621
2008-04-11,35850,36000,35000,35950,18860,31446
2008-04-14,35200,35500,34200,34200,19227,29915
2008-04-15,34000,35400,33300,34000,28080,29740
2008-04-16,33950,34250,33300,34000,14893,29740
2008-04-17,34800,34800,33700,33700,24475,29478
2008-04-18,34100,34550,33650,34100,18633,29828
2008-04-21,34850,35150,34600,35100,10619,30702
2008-04-22,35000,35350,34650,35000,8615,30615
2008-04-23,35300,37500,35000,37000,42495,32364
2008-04-24,37850,39300,37000,38300,35006,33501
2008-04-25,38200,40350,38200,39650,21270,34682
2008-04-28,39700,40250,37750,38700,21149,33851
2008-04-29,38700,39400,38100,38300,9755,33501
2008-04-30,38950,39600,38300,38700,14061,33851
2008-05-02,38500,39500,37800,39000,15460,34114
2008-05-06,39200,39200,38100,39000,13820,34114
2008-05-07,38450,39150,38450,38550,5623,33720
2008-05-08,38550,38550,37450,37650,14650,32933
2008-05-09,38350,38350,36800,37500,17221,32802
2008-05-13,37500,38400,37050,37750,12369,33020
2008-05-14,38250,38250,37350,37850,12370,33108
2008-05-15,38400,38400,36700,36900,35591,32277
2008-05-16,36200,36300,34800,35000,74737,30615
2008-05-19,35000,35000,34150,34600,30959,30265
2008-05-20,35150,35200,34250,34550,20033,30221
2008-05-21,34500,34500,33900,33900,20921,29653
2008-05-22,32500,34000,32500,34000,11240,29740
2008-05-23,33900,33900,33400,33700,16331,29478
2008-05-26,33900,34000,33600,33950,11851,29696
2008-05-27,34050,34050,33800,33900,9832,29653
2008-05-28,33850,34500,33800,33850,13879,29609
2008-05-29,34300,34300,33100,33200,28800,29040
2008-05-30,33100,34000,33000,33750,7069,29521
2008-06-02,33800,34000,32950,33000,30819,28865
2008-06-03,33000,33000,31750,31750,41717,27772
2008-06-04,31750,32400,31750,32200,6592,28166
2008-06-05,32000,32500,31900,31900,10741,27903
2008-06-09,31450,31450,30700,31100,16163,27203
2008-06-10,31150,31200,29600,29650,26660,25935
2008-06-11,29550,30400,29500,29800,25711,26066
2008-06-12,30100,30100,29200,29500,15123,25804
2008-06-13,30000,30100,29000,29300,17068,25629
2008-06-16,29750,30150,29550,30000,18020,26241
2008-06-17,30000,30000,29300,29800,9012,26066
2008-06-18,30100,30100,29300,29900,15190,26154
2008-06-19,29400,30000,29400,29800,15221,26066
2008-06-20,29700,30000,29700,29800,3953,26066
2008-06-23,29700,29800,29050,29800,7981,26066
2008-06-24,29400,30000,29400,30000,9042,26241
2008-06-25,30000,30000,29550,29950,7540,26197
2008-06-26,29700,30000,29350,29650,501369,25935
2008-06-27,29600,30300,29500,30250,65763,26460
2008-06-30,30100,32550,30000,31500,49233,27553
2008-07-01,31850,32350,31150,31500,29315,27553
2008-07-02,31700,31700,29850,30800,28240,26941
2008-07-03,30050,30600,29400,29600,17091,25891
2008-07-04,29650,29650,27300,28050,58465,24536
2008-07-07,27600,28000,26700,27000,44248,23617
2008-07-08,27200,27600,26000,27250,42971,23836
2008-07-09,27150,27500,26450,26500,59750,23180
2008-07-10,26450,26450,25700,26000,29039,22742
2008-07-11,26000,26700,25900,26500,27423,23180
2008-07-14,26800,27000,26400,26450,14463,23136
2008-07-15,26300,26450,25750,25900,10412,22655
2008-07-16,25900,26000,25250,25600,14581,22392
2008-07-17,26100,26400,25600,25800,16415,22567
2008-07-18,26000,26250,25650,25850,4752,22611
2008-07-21,25700,26250,25700,25900,6886,22655
2008-07-22,25900,26100,25100,25600,14413,22392
2008-07-23,25850,26300,25500,26150,8992,22874
2008-07-24,26100,28950,26100,27650,17648,24186
2008-07-25,27500,28150,26650,27900,7370,24404
2008-07-28,28600,28600,27000,27300,14080,23879
2008-07-29,26950,26950,26350,26750,8751,23398
2008-07-30,27500,27500,26700,26800,4720,23442
2008-07-31,26800,27350,26800,27000,3328,23617
2008-08-01,26700,28000,26700,27000,24521,23617
2008-08-04,26700,27300,26200,26400,7050,23092
2008-08-05,26200,26550,26000,26200,4331,22917
2008-08-06,27200,27200,26050,26100,5450,22830
2008-08-07,26050,26300,25750,26000,33382,22742
2008-08-08,25800,26500,25500,25900,7430,22655
2008-08-11,26500,26500,25550,25550,4630,22349
2008-08-12,25500,26200,25500,26000,7340,22742
2008-08-13,26400,26600,26000,26600,4051,23267
2008-08-14,26600,26900,26600,26750,3020,23398
2008-08-18,26700,27450,26550,26600,11110,23267
2008-08-19,26500,26750,26350,26750,5271,23398
2008-08-20,26950,26950,26450,26650,4980,23311
2008-08-21,26500,26650,26400,26650,5311,23311
2008-08-22,26500,26800,26300,26700,32520,23355
2008-08-25,26700,30600,26100,30600,62288,26766
2008-08-26,27800,28300,26650,26700,24719,23355
2008-08-27,26750,27850,26500,26850,26520,23486
2008-08-28,27000,27000,26500,26900,4970,23530
2008-08-29,26700,26900,26500,26700,10391,23355
2008-09-01,26500,26800,26100,26650,23590,23311
2008-09-02,26200,26450,25650,26000,24740,22742
2008-09-03,25900,26300,25600,26300,12340,23005
2008-09-04,25850,26300,25550,26300,10625,23005
2008-09-05,25900,27000,25650,26150,20400,22874
2008-09-08,26200,26950,26150,26500,9260,23180
2008-09-09,27000,27000,26550,26750,3597,23398
2008-09-10,26850,27500,26450,27050,12704,23661
2008-09-11,27050,27300,26800,27200,1390,23792
2008-09-12,26950,28450,26950,27650,10450,24186
2008-09-16,26800,26800,26000,26350,23020,23048
2008-09-17,26350,26750,26350,26700,7221,23355
2008-09-18,26050,26400,25800,25900,9471,22655
2008-09-19,26500,26750,26200,26200,16820,22917
2008-09-22,26400,28300,26400,27600,18510,24142
2008-09-23,27800,29500,27550,28900,13890,25279
2008-09-24,29400,29400,28850,29000,8710,25366
2008-09-25,28900,29000,28000,28950,10990,25323
2008-09-26,29000,31000,28200,29600,33806,25891
2008-09-29,29900,30550,29350,29600,6580,25891
2008-09-30,27700,29900,27500,29900,8530,26154
2008-10-01,30100,30100,29500,29900,907,26154
2008-10-02,30100,30300,29100,29100,8424,25454
2008-10-06,28250,28400,27550,28250,10480,24710
2008-10-07,27250,28250,26700,27500,19410,24054
2008-10-08,26750,26750,24000,25350,53100,22174
2008-10-09,24800,25000,21550,22300,116506,19506
2008-10-10,21800,21800,19000,20500,44251,17931
2008-10-13,19250,21500,19250,21200,64165,18544
2008-10-14,22050,22900,22050,22300,33753,19506
2008-10-15,22100,22700,21300,22150,18470,19375
2008-10-16,20200,21050,19000,19100,40722,16707
2008-10-17,19700,19850,18200,18500,25473,16182
2008-10-20,18550,19000,17000,17500,28920,15307
2008-10-21,18000,18100,17200,17700,38196,15482
2008-10-22,17550,18000,16600,17500,32270,15307
2008-10-23,16600,16800,14900,15000,40743,13120
2008-10-24,15100,15150,12850,12850,64968,11240
2008-10-27,12500,13450,10950,11500,58674,10059
2008-10-28,10050,13200,10050,13200,42630,11546
2008-10-29,13200,15150,13200,15150,82350,13252
2008-10-30,16450,17400,15800,17400,24831,15220
2008-10-31,18000,19700,17000,19150,18070,16750
2008-11-03,19700,20500,19100,19950,14880,17450
2008-11-04,19500,19750,18750,19750,18264,17275
2008-11-05,20000,21500,19800,20850,15950,18237
2008-11-06,19800,19900,19000,19000,10400,16619
2008-11-07,18100,19500,18100,19000,9084,16619
2008-11-10,19050,19650,18300,19100,6700,16707
2008-11-11,18700,19400,18700,19400,8800,16969
2008-11-12,19300,19400,19000,19300,4110,16882
2008-11-13,18500,20700,18500,19800,7680,17319
2008-11-14,20500,20850,19550,19700,10500,17232
2008-11-17,19200,20200,19200,19800,6630,17319
2008-11-18,19200,19650,19150,19150,3990,16750
2008-11-19,18950,19450,18350,18400,6180,16094
2008-11-20,17450,18000,16900,17300,36370,15132
2008-11-21,16050,18000,16050,17200,4800,15045
2008-11-24,17200,17850,17100,17100,7096,14957
2008-11-25,17500,18100,17000,17500,5657,15307
2008-11-26,18350,18350,17500,18000,1480,15745
2008-11-27,18250,18300,17650,18100,3150,15832
2008-11-28,18000,18200,17700,18000,5282,15745
2008-12-01,18100,18100,17700,18000,3460,15745
2008-12-02,17500,17500,16900,17000,3290,14870
2008-12-03,17100,17400,16600,17000,2620,14870
2008-12-04,17550,17750,17000,17150,1570,15001
2008-12-05,17100,17200,16500,17100,8060,14957
2008-12-08,17300,17450,16950,17400,4800,15220
2008-12-09,17550,17600,17300,17400,2761,15220
2008-12-10,17500,17600,16900,17400,5550,15220
2008-12-11,17700,18450,17250,17600,6999,15395
2008-12-12,18300,19750,17600,18500,19463,16182
2008-12-15,19450,19800,18950,19400,9344,16969
2008-12-16,19500,19500,18650,19400,6392,16969
2008-12-17,19500,20300,19200,19400,6124,16969
2008-12-18,19100,19500,19100,19350,4862,16925
2008-12-19,19350,19700,19350,19700,11343,17232
2008-12-22,19400,20350,19400,19900,3983,17407
2008-12-23,19850,20050,19450,20050,6402,17538
2008-12-24,19900,20050,19000,19950,6280,17450
2008-12-26,19650,20050,19650,19900,8860,17407
2008-12-29,19200,19800,19200,19800,5300,17950
2008-12-30,19450,20050,19350,19500,18420,17678
2009-01-02,20450,20450,19100,19100,3406,17316
2009-01-05,19850,19850,18850,19450,7400,17633
2009-01-06,20000,20000,19300,19500,12300,17678
2009-01-07,19300,19600,19200,19350,5542,17542
2009-01-08,19300,19700,19050,19700,4800,17860
2009-01-09,19600,19700,19300,19400,1520,17588
2009-01-12,20000,22300,20000,21000,254880,19038
2009-01-13,21200,21200,19600,20000,64510,18132
2009-01-14,20000,20200,19600,20000,16970,18132
2009-01-15,19400,19800,19000,19400,27610,17588
2009-01-16,19450,19700,18650,19000,9564,17225
2009-01-19,19400,19400,18700,18850,33040,17089
2009-01-20,18850,19000,18600,19000,6222,17225
2009-01-21,18400,19150,18350,18850,8225,17089
2009-01-22,19000,19150,18700,19000,5890,17225
2009-01-23,19000,19050,18650,19050,5950,17271
2009-01-28,19050,19350,19050,19300,4530,17497
2009-01-29,19200,19300,18900,18900,3596,17135
2009-01-30,18600,19100,18600,19000,4920,17225
2009-02-02,18900,19100,18750,18800,3513,17044
2009-02-03,18700,18950,18700,18800,6040,17044
2009-02-04,18850,19500,18850,19400,6610,17588
2009-02-05,19350,19500,19100,19150,28443,17361
2009-02-06,19400,19550,19150,19500,8750,17678
2009-02-09,19500,20000,19250,19700,9310,17860
2009-02-10,19600,20250,19500,20250,7322,18358
2009-02-11,20150,23250,20000,23250,68010,21078
2009-02-12,23500,23650,22050,22250,34095,20172
2009-02-13,22700,22850,22050,22700,12620,20580
2009-02-16,22900,22900,22250,22700,13120,20580
2009-02-17,22300,22400,21750,21750,10370,19718
2009-02-18,21100,23500,21000,22850,12255,20716
2009-02-19,23000,23500,22450,22650,10250,20534
2009-02-20,22650,22650,21250,21800,14735,19764
2009-02-23,21400,22400,21350,22200,8440,20126
2009-02-24,21950,21950,21300,21800,4140,19764
2009-02-25,21850,22100,21750,21800,5380,19764
2009-02-26,22200,22350,21450,21800,4990,19764
2009-02-27,21500,22100,21500,21850,1880,19809
2009-03-02,21700,21700,21300,21300,11850,19310
2009-03-03,20750,21800,20500,21800,8790,19764
2009-03-04,21400,23000,21400,22400,5390,20308
2009-03-05,22400,22850,22150,22200,3280,20126
2009-03-06,22150,22400,21850,22400,2096,20308
2009-03-09,22750,24900,22750,24100,32356,21849
2009-03-10,24200,24800,23950,24000,22270,21758
2009-03-11,24300,25000,23600,24400,47580,22121
2009-03-12,24400,25900,24400,25600,30200,23209
2009-03-13,25300,25950,25000,25450,12018,23073
2009-03-16,25500,25700,24600,25700,13022,23300
2009-03-17,24800,25400,24300,25350,20600,22982
2009-03-18,25850,26900,25700,26700,11390,24206
2009-03-19,26700,27950,26450,27750,18725,25158
2009-03-20,28200,29800,27650,29400,21450,26654
2009-03-23,30000,30250,29600,30200,3500,27379
2009-03-24,29700,29900,29200,29700,5980,26926
2009-03-25,29700,30250,29300,29950,11340,27153
2009-03-26,29200,30400,29200,30200,21620,27379
2009-03-27,30150,31000,30050,31000,17010,28105
2009-03-30,30950,31350,30250,30400,10040,27561
2009-03-31,30100,31550,30100,31450,10633,28513
2009-04-01,31600,36100,31300,34000,18802,30824
2009-04-02,33350,35400,33300,33800,9060,30643
2009-04-03,34800,34800,33000,34500,11270,31278
2009-04-06,34700,35150,34450,34950,7170,31686
2009-04-07,34950,35250,34200,35250,7960,31958
2009-04-08,35150,35500,34450,35200,13384,31912
2009-04-09,34900,35650,34600,35000,17025,31731
2009-04-10,35000,35250,34550,34900,11784,31640
2009-04-13,34600,34650,34300,34350,7522,31142
2009-04-14,34250,34700,32850,33000,13313,29918
2009-04-15,32650,34400,32300,32750,11160,29691
2009-04-16,33150,34000,33150,33650,10562,30507
2009-04-17,33950,34950,33000,33500,20158,30371
2009-04-20,34100,34100,33000,33500,5090,30371
2009-04-21,33250,34500,33050,34000,13720,30824
2009-04-22,34800,38500,34300,37750,42623,34224
2009-04-23,38000,40750,38000,40450,74931,36672
2009-04-24,40000,40300,39100,39200,15361,35539
2009-04-27,40350,40350,39250,39750,19000,36037
2009-04-28,39350,39700,38500,39150,13760,35493
2009-04-29,38600,39400,38600,39150,18050,35493
2009-04-30,39900,40500,39100,40300,16155,36536
2009-05-04,40900,40900,39550,40250,6630,36491
2009-05-06,40300,40300,39200,39600,11211,35901
2009-05-07,40000,40000,39100,39600,6651,35901
2009-05-08,39950,40200,39200,39800,24074,36083
2009-05-11,40100,40100,39000,39000,18114,35357
2009-05-12,38750,41000,38750,40750,12708,36944
2009-05-13,40650,40950,40050,40500,14825,36717
2009-05-14,40200,40350,39600,40250,10575,36491
2009-05-15,40100,40700,39850,40250,7730,36491
2009-05-18,40100,40100,38800,39650,19163,35947
2009-05-19,39650,39650,37900,38750,52525,35131
2009-05-20,39000,39250,38050,38500,21050,34904
2009-05-21,38900,39150,38300,38900,4568,35267
2009-05-22,38600,39150,38300,38800,14591,35176
2009-05-25,39000,39000,38100,38500,10196,34904
2009-05-26,38950,39000,37900,38150,8070,34587
2009-05-27,38500,38600,37450,38250,5310,34678
2009-05-28,38250,38450,37400,37450,6374,33952
2009-05-29,37700,37700,37000,37600,5827,34088
2009-06-01,38000,38000,37300,37600,2740,34088
2009-06-02,37900,37900,37300,37900,6770,34360
2009-06-03,38000,38050,37500,38050,4180,34496
2009-06-04,37600,37900,37200,37700,3916,34179
2009-06-05,37550,38000,37100,37600,6360,34088
2009-06-08,38000,38000,37000,37000,11900,33544
2009-06-09,37400,37800,37000,37000,8014,33544
2009-06-10,37050,37650,36700,37450,9306,33952
2009-06-11,37050,38900,37000,38900,23070,35267
2009-06-12,39150,39150,38050,38900,3870,35267
2009-06-15,38350,39400,38150,39000,4240,35357
2009-06-16,38900,38900,38150,38450,4926,34859
2009-06-17,38450,38600,37000,37050,38486,33590
2009-06-18,37200,38450,37200,38000,10400,34451
2009-06-19,38000,38600,37250,38300,9526,34723
2009-06-22,38200,38450,38000,38300,2260,34723
2009-06-23,38200,38200,37400,37700,9320,34179
2009-06-24,37500,37700,37300,37450,5243,33952
2009-06-25,37250,39300,37000,38400,8310,34814
2009-06-26,38700,38700,37600,38400,3660,34814
2009-06-29,37750,38100,37300,37850,20875,34315
2009-06-30,37650,38450,37250,37850,19310,34315
2009-07-01,37600,38250,37600,38150,2880,34587
2009-07-02,37850,38300,37600,37600,3580,34088
2009-07-03,37450,38750,37450,38750,8767,35131
2009-07-06,39000,39000,38300,38800,4790,35176
2009-07-07,38650,40350,38100,40300,30030,36536
2009-07-08,40250,41200,39800,40600,26204,36808
2009-07-09,41000,41500,40050,40600,15056,36808
2009-07-10,40500,41000,39800,41000,8810,37171
2009-07-13,41500,41500,40000,40500,6580,36717
2009-07-14,40100,40600,39500,39900,7347,36173
2009-07-15,40000,40550,39600,39950,12306,36219
2009-07-16,39950,40300,39100,39950,18500,36219
2009-07-17,39950,39950,39100,39950,254651,36219
2009-07-20,39700,40150,39500,39950,6880,36219
2009-07-21,40500,40500,39600,40150,3590,36400
2009-07-22,40600,40600,39400,39950,3350,36219
2009-07-23,40050,40050,39750,40050,4760,36309
2009-07-24,39650,40000,39450,39800,5064,36083
2009-07-27,39800,40000,39000,39850,7460,36128
2009-07-28,39850,40000,39600,39900,4810,36173
2009-07-29,39950,39950,39600,39850,5801,36128
2009-07-30,39850,40100,39600,39850,2080,36128
2009-07-31,39600,40350,39400,39800,16290,36083
2009-08-03,39650,39950,39650,39800,2400,36083
2009-08-04,39600,40000,39450,39750,19181,36037
2009-08-05,40000,40000,39400,39700,7171,35992
2009-08-06,39750,39900,39300,39500,8560,35811
2009-08-07,39800,39800,38700,39000,88382,35357
2009-08-10,39000,39500,38650,39150,22430,35493
2009-08-11,39300,39750,38900,39400,18010,35720
2009-08-12,39500,39800,39000,39650,27100,35947
2009-08-13,40000,40000,39400,39450,36510,35765
2009-08-14,39450,41400,39450,40300,15822,36536
2009-08-17,40950,40950,39400,39500,10797,35811
2009-08-18,39400,40200,39400,40000,10550,36264
2009-08-19,39900,40200,39400,40000,19250,36264
2009-08-20,40350,41000,40000,41000,106403,37171
2009-08-21,41500,45300,41500,44500,33864,40344
2009-08-24,46000,46000,42250,42300,16327,38349
2009-08-25,42050,42500,41200,42500,5040,38531
2009-08-26,43000,43000,41900,41950,6131,38032
2009-08-27,42200,42200,41050,41400,4973,37533
2009-08-28,41400,42150,41400,41950,4308,38032
2009-08-31,41950,42300,39550,39550,8812,35856
2009-09-01,39600,40500,39600,39750,5890,36037
2009-09-02,40200,40200,38850,39350,8551,35675
2009-09-03,38700,39500,38500,39450,4123,35765
2009-09-04,39250,40300,39200,40150,4890,36400
2009-09-07,39400,40000,39300,39400,5062,35720
2009-09-08,39400,39400,38300,38300,9471,34723
2009-09-09,38300,38500,38000,38450,8360,34859
2009-09-10,38100,39000,37950,39000,18270,35357
2009-09-11,38550,39900,38500,39000,10630,35357
2009-09-14,39000,39600,38700,39000,6932,35357
2009-09-15,38700,39750,38700,39550,16389,35856
2009-09-16,39550,39800,39050,39500,14740,35811
2009-09-17,39300,39850,39200,39750,9958,36037
2009-09-18,39400,39800,39100,39300,166590,35629
2009-09-21,40000,41500,39250,39900,14250,36173
2009-09-22,39550,40500,39550,39650,7276,35947
2009-09-23,39600,40000,39300,39900,3950,36173
2009-09-24,40300,40900,39400,39900,5310,36173
2009-09-25,39650,40100,39500,39650,2450,35947
2009-09-28,39650,39700,39100,39500,10000,35811
2009-09-29,39900,39950,39400,39800,3140,36083
2009-09-30,39400,40200,39400,39850,7480,36128
2009-10-01,40100,41200,39900,40500,12411,36717
2009-10-05,41250,41250,39850,39850,3710,36128
2009-10-06,39500,40400,39400,40000,3580,36264
2009-10-07,39550,40300,39550,40300,6670,36536
2009-10-08,40900,40900,39750,39900,7120,36173
2009-10-09,40150,40150,39600,39700,3511,35992
2009-10-12,40100,40400,39400,39400,1890,35720
2009-10-13,39400,39400,38750,39400,9050,35720
2009-10-14,39450,40150,39100,39100,3761,35448
2009-10-15,39100,39750,39000,39300,2890,35629
2009-10-16,39200,39700,39150,39700,1930,35992
2009-10-19,39350,39900,38800,39450,4180,35765
2009-10-20,39200,39900,39200,39900,2352,36173
2009-10-21,39350,39900,39200,39900,2000,36173
2009-10-22,39300,39700,39250,39600,1570,35901
2009-10-23,39300,39600,39300,39400,1030,35720
2009-10-26,39300,39600,39200,39400,5350,35720
2009-10-27,39200,39450,38550,39450,8670,35765
2009-10-28,39150,39300,38600,38600,4590,34995
2009-10-29,38800,39000,38000,38600,9160,34995
2009-10-30,38350,39300,38350,38650,103230,35040
2009-11-02,38200,38800,38000,38400,6750,34814
2009-11-03,38150,38700,38000,38150,4391,34587
2009-11-04,38600,38600,37950,38200,1190,34632
2009-11-05,38200,38300,36650,36650,8761,33227
2009-11-06,36750,37300,36350,36850,2266,33408
2009-11-09,36850,38950,36550,38100,1550,34542
2009-11-10,37550,38500,37350,38000,2700,34451
2009-11-11,37650,38400,37650,38100,2090,34542
2009-11-12,37850,38450,37850,38000,1080,34451
2009-11-13,38900,38900,38000,38000,1700,34451
2009-11-16,37750,38300,37500,38050,820,34496
2009-11-17,37700,38200,37400,37600,1970,34088
2009-11-18,37600,37700,37400,37600,2030,34088
2009-11-19,37400,37600,37400,37550,1500,34043
2009-11-20,39000,39000,37500,38450,3770,34859
2009-11-23,38000,38500,38000,38500,1310,34904
2009-11-24,38100,38750,38000,38000,3380,34451
2009-11-25,38350,38400,37650,38300,630,34723
2009-11-26,37800,38450,37650,38300,1590,34723
2009-11-27,38450,38500,37600,38200,1660,34632
2009-11-30,37800,38500,37700,38350,3608,34768
2009-12-01,37650,38250,37600,38250,2860,34678
2009-12-02,37750,38500,37600,38250,3320,34678
2009-12-03,38450,38450,37850,37850,920,34315
2009-12-04,38400,38400,37700,38000,890,34451
2009-12-07,37550,38000,37550,37600,2098,34088
2009-12-08,37650,38200,37600,38200,2970,34632
2009-12-09,38300,38800,37800,38800,6490,35176
2009-12-10,38600,39100,38050,39100,14950,35448
2009-12-11,39100,39600,38250,38700,9280,35085
2009-12-14,38800,39150,38500,39000,5370,35357
2009-12-15,39000,39900,38700,39400,4166,35720
2009-12-16,39800,39900,39250,39800,3310,36083
2009-12-17,39500,39900,39250,39800,1050,36083
2009-12-18,39800,40200,39400,39800,14089,36083
2009-12-21,39800,40400,39800,40300,7620,36536
2009-12-22,40300,42300,40300,41050,7400,37216
2009-12-23,41100,41500,41050,41300,6230,37443
2009-12-24,41000,42500,41000,42500,7548,38531
2009-12-28,42150,43700,42150,43500,17512,39437
2009-12-29,42750,43650,42550,43650,10095,40268
2009-12-30,43200,44700,42800,44050,10630,40637
2010-01-04,44500,44500,42550,43400,7580,40037
2010-01-05,43850,43850,42900,43350,5900,39991
2010-01-06,43200,43450,42900,43000,3516,39668
2010-01-07,43400,43400,42300,42950,3540,39622
2010-01-08,42650,44650,42650,44500,8588,41052
2010-01-11,44000,45300,44000,44750,7314,41282
2010-01-12,44250,44450,43900,44350,3042,40913
2010-01-13,44250,44300,43800,44000,5825,40590
2010-01-14,43750,44400,43200,43200,8102,39852
2010-01-15,43200,46000,43200,45000,26040,41513
2010-01-18,45000,45500,44050,44800,4260,41328
2010-01-19,44500,45950,44400,44700,10100,41236
2010-01-20,44600,44800,44150,44650,4770,41190
2010-01-21,44500,44950,44300,44300,3550,40867
2010-01-22,44250,44900,41100,44150,58410,40729
2010-01-25,43200,44100,43150,44000,1850,40590
2010-01-26,43300,43350,42750,42900,5541,39576
2010-01-27,42700,44200,42700,43350,2330,39991
2010-01-28,44000,45100,43000,43300,29096,39945
2010-01-29,43500,43500,41300,41400,9121,38192
2010-02-01,41400,41400,40250,40300,10762,37177
2010-02-02,40350,40900,39800,40250,9420,37131
2010-02-03,40300,40300,39500,40250,7140,37131
2010-02-04,40700,40700,39000,39450,12360,36393
2010-02-05,39300,39300,37600,38250,11856,35286
2010-02-08,38000,39400,37000,37200,9560,34317
2010-02-09,37900,38100,36000,36500,53940,33671
2010-02-10,37350,37350,36000,37000,62540,34133
2010-02-11,37000,38400,36750,38400,7020,35424
2010-02-12,38900,38900,36950,37250,7590,34363
2010-02-16,37250,38200,37200,38200,2600,35240
2010-02-17,38850,39550,38150,39450,5580,36393
2010-02-18,39300,42300,39300,41900,10325,38653
2010-02-19,41700,42600,40200,41100,4230,37915
2010-02-22,41200,42000,41200,41800,1990,38561
2010-02-23,41750,41800,41000,41250,1190,38053
2010-02-24,40850,40850,39850,39850,2810,36762
2010-02-25,40650,40750,38750,38800,4170,35793
2010-02-26,40000,41700,39700,39900,8974,36808
2010-03-02,39350,43350,39300,43350,22965,39991
2010-03-03,42350,43050,41700,42300,11690,39022
2010-03-04,41900,42700,41150,41850,13790,38607
2010-03-05,41500,42750,41500,41500,7396,38284
2010-03-08,41250,41900,41000,41600,7810,38376
2010-03-09,41600,42200,41500,41900,3035,38653
2010-03-10,41950,42600,41600,41800,5380,38561
2010-03-11,42000,42000,41600,41800,8822,38561
2010-03-12,42500,43550,41950,43400,17240,40037
2010-03-15,43600,43900,42450,43900,27635,40498
2010-03-16,44000,44950,43500,44800,18420,41328
2010-03-17,44950,46300,44550,46000,111583,42435
2010-03-18,48450,48450,46500,47500,200898,43819
2010-03-19,47650,50500,47500,48000,27559,44280
2010-03-22,48000,48000,46000,46800,11480,43173
2010-03-23,46350,48550,46350,48000,11220,44280
2010-03-24,48250,49400,47950,49000,11321,45203
2010-03-25,49000,49800,48350,49800,10420,45941
2010-03-26,50000,50000,49350,49400,7400,45572
2010-03-29,49700,49700,48550,48800,3661,45018
2010-03-30,48800,49100,48400,48850,3570,45065
2010-03-31,49600,49600,48600,48850,11244,45065
2010-04-01,49300,51900,49200,50400,17572,46495
2010-04-02,49900,50900,49900,50500,5315,46587
2010-04-05,50500,51500,49900,51000,3606,47048
2010-04-06,52300,52300,49450,50300,6610,46402
2010-04-07,49500,50400,48900,49950,9936,46079
2010-04-08,50400,50400,49550,50000,7040,46126
2010-04-09,50000,50000,49250,49350,9075,45526
2010-04-12,50300,50300,49250,49250,4821,45434
2010-04-13,49250,50200,49200,49800,5930,45941
2010-04-14,49800,50500,49200,49650,10140,45803
2010-04-15,49400,50200,49350,49500,3890,45664
2010-04-16,49250,49500,49000,49300,3381,45480
2010-04-19,49550,50600,48700,48700,7823,44926
2010-04-20,48750,50000,48600,49000,7550,45203
2010-04-21,48900,49750,48850,48900,5251,45111
2010-04-22,48900,49400,48250,48250,8351,44511
2010-04-23,48250,49000,48050,48500,6421,44742
2010-04-26,50400,50400,46900,47500,25608,43819
2010-04-27,47500,48250,47350,47600,6750,43911
2010-04-28,47900,48000,46750,47600,12074,43911
2010-04-29,47200,47550,47000,47450,2054,43773
2010-04-30,47150,47800,47100,47600,2502,43911
2010-05-03,47500,47500,45650,46550,10700,42943
2010-05-04,46150,47400,45900,46600,5080,42989
2010-05-06,46550,46550,45200,45250,8234,41744
2010-05-07,45000,45000,43850,44000,16097,40590
2010-05-10,44000,45000,43850,44400,15608,40959
2010-05-11,44450,45000,44100,44300,5397,40867
2010-05-12,45000,45000,43500,43650,6954,40268
2010-05-13,43900,45350,43500,45150,13885,41651
2010-05-14,45000,45050,44150,44200,5371,40775
2010-05-17,43300,43600,41800,42200,12910,38930
2010-05-18,42000,43100,41500,42900,3805,39576
2010-05-19,41900,42900,41750,42350,7965,39068
2010-05-20,42100,42600,39900,40900,25720,37731
2010-05-24,40900,40900,39600,39600,12287,36531
2010-05-25,39700,41250,38000,40400,15880,37269
2010-05-26,40000,40800,39000,39300,14270,36255
2010-05-27,39000,41400,38450,40950,18972,37777
2010-05-28,40550,40800,39900,40100,8180,36993
2010-05-31,40500,40650,40300,40500,4736,37362
2010-06-01,40500,40950,40150,40800,4123,37638
2010-06-03,40450,40950,40350,40750,9515,37592
2010-06-04,40700,41300,40000,41150,8926,37961
2010-06-07,40000,40800,39600,39950,4309,36854
2010-06-08,40750,40750,39200,39600,9800,36531
2010-06-09,39600,39950,39000,39500,2160,36439
2010-06-10,38900,40550,38900,39650,10190,36577
2010-06-11,40600,41450,39950,41450,11287,38238
2010-06-14,41050,42800,41050,42650,6560,39345
2010-06-15,42100,43050,40750,40900,19210,37731
2010-06-16,41500,41500,39550,41300,39380,38100
2010-06-17,40900,41150,40000,41150,13180,37961
2010-06-18,41100,41600,40500,41200,9093,38007
2010-06-21,41300,41950,41200,41800,4870,38561
2010-06-22,41600,41600,41000,41300,3525,38100
2010-06-23,41700,41700,40950,41200,4462,38007
2010-06-24,41200,42000,40600,41750,7180,38515
2010-06-25,41950,41950,40700,41650,14160,38422
2010-06-28,41450,42150,41150,42000,11181,38745
2010-06-29,42500,42950,41650,42200,10440,38930
2010-06-30,42000,43500,41850,43400,12567,40037
2010-07-01,43400,45500,42050,44400,19330,40959
2010-07-02,44350,45500,43500,44700,20021,41236
2010-07-05,45200,45200,43700,44150,9002,40729
2010-07-06,44300,44300,42550,44150,10598,40729
2010-07-07,44150,44150,42850,44000,9096,40590
2010-07-08,44000,45050,43900,44900,9230,41421
2010-07-09,45000,46650,44250,46500,31787,42897
2010-07-12,47000,47000,46450,46700,3070,43081
2010-07-13,46350,47800,45950,47750,19421,44050
2010-07-14,47900,48200,46350,47700,18890,44004
2010-07-15,47100,47800,47100,47700,15305,44004
2010-07-16,47950,48300,47300,47900,9670,44188
2010-07-19,47900,48400,47700,48100,9505,44373
2010-07-20,47700,48800,47700,48500,6671,44742
2010-07-21,48150,48450,47800,48300,12490,44557
2010-07-22,47650,48500,47100,48000,13156,44280
2010-07-23,47450,49250,47450,49200,4280,45387
2010-07-26,49000,49950,48250,48600,15190,44834
2010-07-27,48850,48900,47700,47750,4637,44050
2010-07-28,47750,48000,46650,47000,3975,43358
2010-07-29,47800,47850,46750,47550,4020,43865
2010-07-30,47450,47500,46850,46900,1880,43266
2010-08-02,47500,48200,46100,46100,5290,42528
2010-08-03,46150,46500,45000,45900,7940,42343
2010-08-04,45800,47750,45000,47750,8530,44050
2010-08-05,48000,48000,47250,47850,1462,44142
2010-08-06,47950,47950,47000,47100,1880,43450
2010-08-09,47100,47600,46100,47600,5810,43911
2010-08-10,47100,49300,47100,49150,8840,45341
2010-08-11,49200,49200,48400,48400,5590,44649
2010-08-12,48100,50800,48000,49900,22881,46033
2010-08-13,51500,51800,49300,49500,12670,45664
2010-08-16,49500,49900,48400,49400,9678,45572
2010-08-17,49200,49950,48800,49900,5796,46033
2010-08-18,49900,50700,49400,50500,10600,46587
2010-08-19,51200,53600,50500,52400,13788,48340
2010-08-20,52500,57000,52500,53800,89194,49631
2010-08-23,53900,57000,53900,56000,26228,51661
2010-08-24,55700,57100,54800,56500,20071,52122
2010-08-25,54700,56400,54700,56400,8822,52030
2010-08-26,55600,56400,54800,54800,11159,50554
2010-08-27,53100,54800,53100,53900,7037,49723
2010-08-30,54500,56800,54000,56300,12616,51937
2010-08-31,56000,56900,55200,56900,10525,52491
2010-09-01,56900,59900,56500,59000,22539,54428
2010-09-02,59800,62800,59000,62800,33370,57934
2010-09-03,63000,66300,63000,65500,35649,60425
2010-09-06,66000,66900,62400,65500,13945,60425
2010-09-07,64000,66400,63500,65400,12651,60332
2010-09-08,64100,65900,64000,65100,4418,60056
2010-09-09,63500,65800,63400,65100,17456,60056
2010-09-10,64500,66100,64300,64900,6614,59871
2010-09-13,66000,66000,63700,64600,9367,59594
2010-09-14,64600,64600,62900,63000,14696,58118
2010-09-15,63600,64000,61000,61200,8567,56458
2010-09-16,61200,65300,61200,64100,23974,59133
2010-09-17,64100,65300,63400,64000,7364,59041
2010-09-20,64000,69900,63100,66500,17490,61347
2010-09-24,66700,68600,66100,68100,4986,62823
2010-09-27,68200,68600,66500,68000,11094,62731
2010-09-28,68700,68700,65000,65600,14822,60517
2010-09-29,66700,68000,64700,66200,11280,61070
2010-09-30,67300,67300,65100,66500,10419,61347
2010-10-01,65800,68200,65800,67400,14021,62177
2010-10-04,68500,68500,66800,66900,5935,61716
2010-10-05,66600,68800,66600,68300,16924,63008
2010-10-06,68300,69900,67500,67500,8748,62270
2010-10-07,67500,68900,67300,68500,9216,63192
2010-10-08,68500,68800,67500,68000,6530,62731
2010-10-11,68000,69600,66200,67500,10923,62270
2010-10-12,67900,67900,65600,67000,10520,61808
2010-10-13,68200,71400,66200,70800,43467,65314
2010-10-14,71200,72900,70000,72500,27480,66882
2010-10-15,72500,73700,70100,72300,22112,66698
2010-10-18,72100,72100,69500,72000,13607,66421
2010-10-19,72000,72000,69600,69800,8532,64391
2010-10-20,70300,70400,68000,70300,9947,64853
2010-10-21,71200,71200,69700,70500,10110,65037
2010-10-22,71000,71000,69300,70000,7927,64576
2010-10-25,70300,70300,68000,68600,30134,63284
2010-10-26,68600,71300,68600,71200,30689,65683
2010-10-27,71200,71200,69400,70300,18827,64853
2010-10-28,70400,72900,70000,72800,28554,67159
2010-10-29,73100,74000,70000,72700,16717,67067
2010-11-01,71300,72000,70000,70800,9943,65314
2010-11-02,70800,71500,68600,69500,15887,64115
2010-11-03,69700,70000,69400,69500,7274,64115
2010-11-04,69200,70300,68600,69500,12027,64115
2010-11-05,70300,71800,69800,71000,21564,65498
2010-11-08,72100,72200,71000,71700,5538,66144
2010-11-09,71400,71600,69900,71000,19252,65498
2010-11-10,71000,71900,70500,70800,22204,65314
2010-11-11,71600,71600,67700,67700,19294,62454
2010-11-12,70700,70700,66500,69300,19964,63930
2010-11-15,68500,72000,68500,70000,24529,64576
2010-11-16,70200,70200,68500,68500,7307,63192
2010-11-17,67900,68800,66600,67500,14106,62270
2010-11-18,67600,70400,67600,69000,18897,63653
2010-11-19,69100,70200,68000,68800,9504,63469
2010-11-22,70000,70300,67600,68100,4835,62823
2010-11-23,68100,69000,66500,68700,5661,63377
2010-11-24,68700,69300,67600,68800,30721,63469
2010-11-25,69300,69300,66700,68800,17660,63469
2010-11-26,67800,69800,66700,68900,8351,63561
2010-11-29,70700,70700,67600,68700,3048,63377
2010-11-30,67200,69800,67200,69800,4867,64391
2010-12-01,68900,70100,68900,69400,3678,64022
2010-12-02,69900,71000,69100,70900,11734,65406
2010-12-03,71100,71100,68100,68100,16008,62823
2010-12-06,68300,68600,66800,67100,10034,61901
2010-12-07,66700,67300,64800,66700,10746,61532
2010-12-08,65600,67500,65500,67200,4571,61993
2010-12-09,67800,69800,67000,69800,11021,64391
2010-12-10,70200,70200,68000,68500,6060,63192
2010-12-13,68700,69300,67500,69100,3221,63746
2010-12-14,69100,69300,67900,68600,4024,63284
2010-12-15,69200,69200,67300,68900,5720,63561
2010-12-16,68100,68700,67800,68700,2353,63377
2010-12-17,68700,68700,67100,67700,4943,62454
2010-12-20,66700,68400,66000,68300,6942,63008
2010-12-21,68300,68500,67600,67700,3198,62454
2010-12-22,67900,68000,66300,67900,16801,62639
2010-12-23,66800,68700,66800,68100,6320,62823
2010-12-24,68900,68900,67000,67600,2674,62362
2010-12-27,68000,69800,67200,69400,19159,64022
2010-12-28,68500,71600,68500,69900,13537,64484
2010-12-29,69900,70400,68000,69900,42058,65183
2010-12-30,69900,71000,69100,71000,32591,66209
2011-01-03,71000,71500,69000,70000,7791,65276
2011-01-04,70000,70300,67900,68600,24607,63971
2011-01-05,69000,69300,67700,68700,9859,64064
2011-01-06,68700,68900,67400,67700,6986,63132
2011-01-07,67700,68400,67000,67600,9826,63038
2011-01-10,67100,68400,67000,68400,10249,63784
2011-01-11,67300,68700,67300,68600,9583,63971
2011-01-12,68600,68900,67000,67100,16043,62572
2011-01-13,66900,67300,66100,66200,26312,61733
2011-01-14,66200,67100,66000,67100,8222,62572
2011-01-17,66400,66400,64700,64700,11353,60334
2011-01-18,64700,68400,62500,67400,20867,62852
2011-01-19,66700,67300,65000,66000,5653,61546
2011-01-20,65100,67000,64300,66900,9979,62385
2011-01-21,67200,67200,64900,64900,6041,60520
2011-01-24,64900,66000,64600,65000,2992,60614
2011-01-25,64700,65600,64000,64000,8821,59681
2011-01-26,64500,64500,63100,64000,5946,59681
2011-01-27,64000,64800,63400,64800,9090,60427
2011-01-28,64100,65500,63700,65100,3450,60707
2011-01-31,65100,65500,63500,65300,3464,60893
2011-02-01,65300,65400,63700,64600,4137,60241
2011-02-07,64600,65300,63800,64300,2744,59961
2011-02-08,65200,65200,63000,64700,4762,60334
2011-02-09,65000,65000,63400,64000,2433,59681
2011-02-10,63500,64500,63300,63500,3235,59215
2011-02-11,62700,65200,62700,64000,6051,59681
2011-02-14,64000,65000,62800,63900,1843,59588
2011-02-15,63900,64200,62700,63800,7211,59495
2011-02-16,63500,64900,63100,64700,5494,60334
2011-02-17,64400,65300,63900,64500,4112,60147
2011-02-18,64900,65300,63800,64500,2707,60147
2011-02-21,64500,64800,62800,63500,8027,59215
2011-02-22,63100,63500,61200,61700,12302,57536
2011-02-23,61000,62000,59500,60300,8717,56231
2011-02-24,60300,60800,59300,60300,10537,56231
2011-02-25,60300,61000,59000,60500,4877,56417
2011-02-28,60000,60400,58700,60300,7095,56231
2011-03-02,60000,60700,58300,59000,13030,55019
2011-03-03,58600,60000,58600,59300,9733,55298
2011-03-04,59100,60300,58800,60000,9775,55951
2011-03-07,59400,60100,59000,59600,7062,55578
2011-03-08,60200,60200,58700,59500,11349,55485
2011-03-09,59500,62500,59100,60100,18031,56044
2011-03-10,60700,61300,59400,59500,23727,55485
2011-03-11,59000,59500,57400,58500,21314,54552
2011-03-14,57600,57700,57100,57200,10181,53340
2011-03-15,57200,57600,56200,56200,14575,52407
2011-03-16,56200,58100,56200,57300,5161,53433
2011-03-17,57000,58600,56700,58100,11737,54179
2011-03-18,60800,60800,58200,60000,13159,55951
2011-03-21,59600,60600,59200,60500,8013,56417
2011-03-22,60000,60400,59200,60400,5281,56324
2011-03-23,60000,60000,58400,59700,11950,55671
2011-03-24,59700,63000,59000,63000,16744,58749
2011-03-25,63000,63900,62000,63200,11300,58935
2011-03-28,64100,64100,61600,64000,5819,59681
2011-03-29,64600,64600,62400,63300,8844,59028
2011-03-30,62800,63800,62400,62900,8658,58655
2011-03-31,62300,64400,62000,64400,9207,60054
2011-04-01,65700,67400,64400,65000,23746,60614
2011-04-04,65400,65400,63500,64900,7204,60520
2011-04-05,63900,65200,63400,63400,7908,59122
2011-04-06,63300,63800,61800,62800,10687,58562
2011-04-07,62400,63400,62100,63000,9519,58749
2011-04-08,63000,63300,62600,63100,7235,58842
2011-04-11,62700,63400,62600,63200,11561,58935
2011-04-12,63000,64700,62700,64000,18976,59681
2011-04-13,64100,64400,62700,63000,15197,58749
2011-04-14,63300,64000,62400,63200,9289,58935
2011-04-15,63000,64100,62600,64100,14638,59774
2011-04-18,64200,65000,63500,64300,8201,59961
2011-04-19,64300,64500,63300,63800,8360,59495
2011-04-20,63900,66800,63900,66500,35344,62012
2011-04-21,67800,71500,67200,69400,62795,64717
2011-04-22,69600,75900,69600,75900,56719,70778
2011-04-25,76100,78500,74300,77400,37494,72177
2011-04-26,78200,78200,74500,76000,21737,70871
2011-04-27,77500,77500,72500,73200,24292,68260
2011-04-28,71800,75500,71800,73300,16658,68354
2011-04-29,72600,73600,70000,71500,44724,66675
2011-05-02,71000,72900,70600,72900,19068,67981
2011-05-03,73100,73800,70700,72900,10934,67981
2011-05-04,73300,75000,72300,74400,8372,69379
2011-05-06,74900,75200,72500,74500,13556,69473
2011-05-09,73400,74900,71100,72600,7386,67701
2011-05-11,70600,73300,70600,72500,6487,67608
2011-05-12,70800,71200,67600,68500,22188,63878
2011-05-13,68500,69100,67200,68400,14611,63784
2011-05-16,68400,69300,64600,65500,39485,61080
2011-05-17,66000,66100,64600,64600,6802,60241
2011-05-18,65000,66800,64500,66200,6170,61733
2011-05-19,66200,66400,64600,64700,10086,60334
2011-05-20,64700,65900,63600,65800,12775,61360
2011-05-23,63000,66000,63000,65100,11359,60707
2011-05-24,65100,66500,63600,64000,8788,59681
2011-05-25,64000,64300,62800,63000,12025,58749
2011-05-26,62800,63700,62800,63700,3454,59401
2011-05-27,63700,64500,62900,63900,8687,59588
2011-05-30,64500,66800,63800,66100,9069,61639
2011-05-31,66100,67600,65900,66600,7172,62106
2011-06-01,65800,67400,65500,67100,4403,62572
2011-06-02,66100,66100,64200,65800,4031,61360
2011-06-03,64900,66400,63500,63600,8364,59308
2011-06-07,63700,64900,63100,64700,4115,60334
2011-06-08,64700,65300,63500,63500,2226,59215
2011-06-09,63200,64000,62500,62500,8052,58282
2011-06-10,63300,63700,60200,61800,12050,57630
2011-06-13,61600,62000,60300,61400,4131,57257
2011-06-14,62000,62300,60800,61400,3759,57257
2011-06-15,61100,62400,61100,61900,6887,57723
2011-06-16,61900,62900,61400,62900,6879,58655
2011-06-17,62000,63700,62000,63600,6940,59308
2011-06-20,64600,64800,63700,64700,2889,60334
2011-06-21,65400,65500,63500,63600,7134,59308
2011-06-22,63800,64700,63600,63600,3831,59308
2011-06-23,62300,64600,62300,63900,2432,59588
2011-06-24,63900,67500,63900,67500,11770,62945
2011-06-27,68000,70600,65700,70000,10674,65276
2011-06-28,70000,70700,69200,70200,7850,65463
2011-06-29,70900,71500,68800,69000,7968,64344
2011-06-30,69000,69700,68100,68900,3631,64251
2011-07-01,69000,69500,67300,67400,5874,62852
2011-07-04,67800,69500,67500,68800,7661,64157
2011-07-05,69400,70900,69400,70900,20837,66116
2011-07-06,70900,71300,70000,71300,7206,66489
2011-07-07,71300,74200,70200,74000,12773,69006
2011-07-08,74000,74500,73000,74200,5569,69193
2011-07-11,74300,74500,72100,73500,3749,68540
2011-07-12,72900,73300,71300,72200,3239,67328
2011-07-13,71500,74000,71400,73900,24686,68913
2011-07-14,73000,75300,72100,74400,10300,69379
2011-07-15,74900,75700,72800,74000,6153,69006
2011-07-18,74000,76400,73600,76300,15263,71151
2011-07-19,76900,79200,76800,78000,16184,72737
2011-07-20,77500,78800,77100,78200,6388,72923
2011-07-21,78800,78800,76200,77800,13340,72550
2011-07-22,79000,79000,77000,77300,4590,72084
2011-07-25,77600,77600,75200,77300,5123,72084
2011-07-26,76100,77100,76000,77100,3643,71897
2011-07-27,77800,77800,75000,75600,8470,70498
2011-07-28,75500,79500,73600,79300,21020,73949
2011-07-29,80000,80000,77500,77500,7760,72270
2011-08-01,78900,81100,77800,81000,12800,75534
2011-08-02,81100,82900,80700,82000,10300,76467
2011-08-03,80100,80700,78500,79700,9301,74322
2011-08-04,79700,82200,78600,80300,15192,74881
2011-08-05,75000,81000,75000,80300,18089,74881
2011-08-08,80000,80400,76100,79800,18757,74415
2011-08-09,79900,79900,67900,73400,62419,68447
2011-08-10,74700,75000,71000,73700,26652,68727
2011-08-11,72800,74000,71300,73900,16688,68913
2011-08-12,76500,77400,72200,75600,14670,70498
2011-08-16,75600,78300,75600,77000,9135,71804
2011-08-17,76900,78900,74400,78700,15900,73389
2011-08-18,79100,80000,76700,79000,13492,73669
2011-08-19,77000,79300,72100,79200,14433,73856
2011-08-22,79200,79700,77100,78900,10833,73576
2011-08-23,78900,78900,73700,75100,12324,70032
2011-08-24,75400,75500,69500,70200,17144,65463
2011-08-25,70700,71400,68000,68600,9689,63971
2011-08-26,67300,69300,66100,68300,9805,63691
2011-08-29,69900,70000,67100,70000,7599,65276
2011-08-30,70000,72500,68700,72100,9957,67235
2011-08-31,72100,72600,69600,71000,14076,66209
2011-09-01,71000,72100,68500,69700,12761,64997
2011-09-02,68600,72000,68500,70100,11486,65370
2011-09-05,70100,70100,68100,68600,3246,63971
2011-09-06,66600,70200,66600,69400,9368,64717
2011-09-07,71000,72500,69000,70600,4648,65836
2011-09-08,70600,72700,69400,70500,4373,65743
2011-09-09,70400,71900,68300,70500,3515,65743
2011-09-14,69300,73600,69300,73000,85460,68074
2011-09-15,72900,73000,70500,71000,7804,66209
2011-09-16,72700,76000,69900,75500,11217,70405
2011-09-19,75000,75600,71100,75600,3730,70498
2011-09-20,78300,78300,73300,75200,4757,70125
2011-09-21,75200,76600,73600,76600,6527,71431
2011-09-22,76500,76500,72600,72600,3528,67701
2011-09-23,69500,72600,69300,71200,9131,66395
2011-09-26,71000,75000,70000,71500,6777,66675
2011-09-27,71500,74400,71100,73800,5142,68820
2011-09-28,72600,75300,72100,72700,3375,67794
2011-09-29,72700,72700,70100,71500,6525,66675
2011-09-30,71500,71600,68500,69800,12314,65090
2011-10-04,69500,70500,67000,68700,3837,64064
2011-10-05,68000,69400,66600,68500,11937,63878
2011-10-06,68500,71200,67000,68200,6127,63598
2011-10-07,68200,69900,66800,66800,15349,62292
2011-10-10,66800,68800,66200,66400,10672,61919
2011-10-11,68000,68000,66400,67300,8601,62758
2011-10-12,67300,69800,66700,69700,6679,64997
2011-10-13,68900,71500,68400,69900,7098,65183
2011-10-14,70000,71900,69400,70000,5579,65276
2011-10-17,70200,71400,69200,69200,5903,64530
2011-10-18,68200,69300,67000,67800,7355,63225
2011-10-19,67900,68800,67400,68500,7532,63878
2011-10-20,68500,70700,67500,70000,10510,65276
2011-10-21,68300,70900,68200,69100,7350,64437
2011-10-24,71000,72000,69000,71800,7771,66955
2011-10-25,70500,71700,69300,69400,5428,64717
2011-10-26,69400,71400,69100,69600,3629,64903
2011-10-27,69700,70700,68500,69700,5810,64997
2011-10-28,70000,71000,68500,69300,4735,64624
2011-10-31,68300,69600,68100,68300,4571,63691
2011-11-01,68000,69400,67800,68100,17661,63505
2011-11-02,66900,71000,66900,70700,10711,65929
2011-11-03,69200,71100,68800,71000,4837,66209
2011-11-04,69700,71700,69500,69500,5420,64810
2011-11-07,69500,70300,69100,69200,5731,64530
2011-11-08,70800,70800,69100,69800,2323,65090
2011-11-09,70800,70800,69600,69600,6156,64903
2011-11-10,70200,70400,68300,68300,6800,63691
2011-11-11,68600,68800,67600,68100,4475,63505
2011-11-14,68200,69700,68200,69100,3408,64437
2011-11-15,69200,70500,68100,70500,3482,65743
2011-11-16,69200,71300,68700,69000,8024,64344
2011-11-17,68500,69600,67900,69100,1870,64437
2011-11-18,67800,69000,66200,68000,4602,63411
2011-11-21,69400,69400,67300,68000,1614,63411
2011-11-22,68800,68800,66800,68000,2382,63411
2011-11-23,67600,67900,66400,67600,1920,63038
2011-11-24,68000,68500,66700,68000,2406,63411
2011-11-25,68300,68400,67000,68000,4231,63411
2011-11-28,68000,70800,67900,69900,2825,65183
2011-11-29,68900,70500,68300,70500,4183,65743
2011-11-30,71000,71000,69000,69300,2242,64624
2011-12-01,70700,71000,69400,70900,4495,66116
2011-12-02,71600,72100,71100,72000,7167,67141
2011-12-05,72000,72000,69900,70500,2014,65743
2011-12-06,70500,72900,68500,69200,7372,64530
2011-12-07,70000,71800,69500,71800,6545,66955
2011-12-08,73900,73900,71400,72600,4289,67701
2011-12-09,71100,72600,69100,71900,5171,67048
2011-12-12,73100,73100,69700,69700,5076,64997
2011-12-13,69700,69800,68400,69300,4220,64624
2011-12-14,69300,69500,68600,68600,2815,63971
2011-12-15,68100,68200,67200,67900,3229,63318
2011-12-16,67900,68900,67200,67500,1722,62945
2011-12-19,67000,68000,66300,67200,4563,62665
2011-12-20,65500,68100,65500,67200,1149,62665
2011-12-21,68000,68500,65000,65000,5129,60614
2011-12-22,65900,68000,65900,68000,3670,63411
2011-12-23,68000,68500,66100,68000,2755,63411
2011-12-26,67300,68200,66700,68000,2859,63411
2011-12-27,67100,69000,66600,67700,2462,63132
2011-12-28,66300,68600,66200,66800,3770,62990
2011-12-29,66000,68100,66000,68000,2313,64122
2012-01-02,68000,69000,66300,67800,3833,63933
2012-01-03,67000,68500,67000,68100,3336,64216
2012-01-04,68900,70300,67200,67700,7425,63839
2012-01-05,68500,71600,68400,70700,10440,66668
2012-01-06,70900,70900,67800,67900,6996,64027
2012-01-09,67500,68000,66600,66600,6847,62801
2012-01-10,67800,67900,66300,67500,7617,63650
2012-01-11,67900,69500,67500,68000,8110,64122
2012-01-12,68700,68700,67000,67600,2283,63744
2012-01-13,67500,68400,67000,67900,7389,64027
2012-01-16,67200,68200,67100,67600,2487,63744
2012-01-17,67400,69200,67400,68000,3898,64122
2012-01-18,67800,68100,67300,67300,4122,63462
2012-01-19,68400,68500,67300,67700,4097,63839
2012-01-20,67400,68200,67000,68000,10545,64122
2012-01-25,68000,69900,68000,69100,5888,65159
2012-01-26,68700,69800,67400,68200,3751,64310
2012-01-27,68300,69000,68300,68400,1856,64499
2012-01-30,68000,68300,67500,68000,2892,64122
2012-01-31,68200,68200,67000,67100,9969,63273
2012-02-01,67100,67900,66900,67800,1436,63933
2012-02-02,67500,68700,67000,67400,12957,63556
2012-02-03,67000,67600,66600,67200,7051,63367
2012-02-06,67000,67000,65300,65500,14970,61764
2012-02-07,65500,66400,63700,63800,16821,60161
2012-02-08,64500,64600,63800,64200,7944,60538
2012-02-09,64100,64500,63700,64400,5574,60727
2012-02-10,63900,65600,63900,65600,4603,61858
2012-02-13,65600,66000,65000,65500,2515,61764
2012-02-14,66200,66200,64400,65500,14535,61764
2012-02-15,65400,65500,64600,65000,3151,61293
2012-02-16,65100,65500,64500,65200,4272,61481
2012-02-17,64500,65300,64500,65100,4802,61387
2012-02-20,64600,65200,64400,65200,4153,61481
2012-02-21,64600,65400,64600,65200,5659,61481
2012-02-22,65100,66900,65000,66500,13661,62707
2012-02-23,66000,66900,65300,66600,6103,62801
2012-02-24,67000,67000,65000,65600,7797,61858
2012-02-27,65700,66000,65000,65000,3802,61293
2012-02-28,65000,65100,63200,65000,7457,61293
2012-02-29,63800,65000,63800,64000,5186,60350
2012-03-02,64000,64300,63200,63500,7588,59878
2012-03-05,63200,64600,63200,64600,3631,60916
2012-03-06,63700,64700,63700,64300,3534,60633
2012-03-07,63500,64000,63000,63500,3868,59878
2012-03-08,63400,64200,63000,63100,6366,59501
2012-03-09,63500,63700,63000,63000,935,59407
2012-03-12,63100,63400,62500,62600,2906,59030
2012-03-13,63300,63500,62500,62500,4850,58935
2012-03-14,63400,64500,62600,63500,6587,59878
2012-03-15,63000,63400,62500,63400,5637,59784
2012-03-16,63000,63600,62400,63500,3423,59878
2012-03-19,63500,64100,63000,63600,2008,59973
2012-03-20,63600,63800,62500,63300,3290,59690
2012-03-21,63000,63000,62400,62500,2715,58935
2012-03-22,62100,62800,60300,61900,5955,58369
2012-03-23,62200,62200,60500,60700,7682,57238
2012-03-26,60100,61200,60100,61000,5688,57521
2012-03-27,61500,61800,60200,60400,1512,56955
2012-03-28,61100,61400,60100,61300,1828,57804
2012-03-29,60500,61500,60200,60200,3537,56766
2012-03-30,59600,60800,59600,59900,2759,56484
2012-04-02,59800,60200,59500,60000,3972,56578
2012-04-03,59400,60200,58700,58700,6015,55352
2012-04-04,59700,59700,56700,57000,8882,53749
2012-04-05,58100,58100,55100,55700,11715,52523
2012-04-06,56600,56700,53300,53700,11524,50637
2012-04-09,54000,54000,50100,51000,22926,48091
2012-04-10,51300,56700,50000,53100,24695,50071
2012-04-12,53100,58300,53000,57600,16388,54315
2012-04-13,57600,59000,57000,58800,7921,55446
2012-04-16,58500,59000,54900,58200,8573,54880
2012-04-17,59800,59900,56500,59400,6586,56012
2012-04-18,59000,61600,58400,61000,4913,57521
2012-04-19,60200,61700,58400,58400,5216,55069
2012-04-20,58100,58500,56200,56500,5473,53277
2012-04-23,57500,58000,55000,55800,4248,52617
2012-04-24,54600,57100,53700,53700,7252,50637
2012-04-25,53700,54300,52500,53100,6995,50071
2012-04-26,53100,53100,51800,51800,10383,48845
2012-04-27,51600,54000,51500,51900,4468,48940
2012-04-30,52100,52400,50600,50600,6731,47714
2012-05-02,50600,51900,50200,51500,9108,48563
2012-05-03,52000,52000,51000,51000,5512,48091
2012-05-04,52100,54000,51100,53400,2948,50354
2012-05-07,53400,53400,51400,51700,3773,48751
2012-05-08,51300,53500,51300,53500,4517,50449
2012-05-09,54000,54000,52100,53700,2933,50637
2012-05-10,53700,54700,52100,52900,6442,49883
2012-05-11,52900,56600,51800,53100,7997,50071
2012-05-14,54700,54700,51900,51900,5877,48940
2012-05-15,52800,52800,49900,49900,7529,47054
2012-05-16,51000,51000,49300,50200,8090,47337
2012-05-17,50200,51800,49200,49200,16216,46394
2012-05-18,49150,49150,47650,48350,8770,45592
2012-05-21,50300,50300,47800,47900,10257,45168
2012-05-22,49450,49450,47900,48400,5875,45639
2012-05-23,49200,51300,48200,50000,5406,47148
2012-05-24,51300,51300,48550,49100,6273,46299
2012-05-25,50000,50800,50000,50700,2111,47808
2012-05-29,50700,52400,50200,52000,5630,49034
2012-05-30,51900,55900,51000,53800,8369,50731
2012-05-31,53800,55300,52300,54400,10188,51297
2012-06-01,54300,54700,52100,52100,9901,49128
2012-06-04,51600,52200,48150,49300,15737,46488
2012-06-05,49950,51400,49500,51100,7108,48185
2012-06-07,51100,53200,50800,51300,6754,48374
2012-06-08,51500,53100,50700,52800,4778,49788
2012-06-11,53800,53900,52100,52800,5270,49788
2012-06-12,53100,54000,51900,52600,4681,49600
2012-06-13,52700,53800,51900,52200,3087,49223
2012-06-14,53000,53900,51900,53900,10436,50826
2012-06-15,54200,54200,52700,54000,4711,50920
2012-06-18,54300,55000,53600,54100,4804,51014
2012-06-19,54800,54800,53200,54200,4173,51109
2012-06-20,53600,54500,53600,54500,2412,51391
2012-06-21,54800,56900,53800,56200,6047,52995
2012-06-22,55600,56900,55000,55600,4389,52429
2012-06-25,55100,56000,53700,55400,7159,52240
2012-06-26,56500,56500,54200,54200,2973,51109
2012-06-27,53600,54300,53200,54100,2679,51014
2012-06-28,54700,56300,52400,55100,6050,51957
2012-06-29,54100,56600,54100,56600,2382,53372
2012-07-02,56600,57100,54800,55200,3503,52052
2012-07-03,55200,56000,54200,55000,6686,51863
2012-07-04,55000,55600,54500,54600,1937,51486
2012-07-05,54200,55200,54200,54700,1777,51580
2012-07-06,54300,55800,54000,54100,3473,51014
2012-07-09,54200,55000,52900,54100,7089,51014
2012-07-10,54600,54600,53700,54100,1975,51014
2012-07-11,54800,56400,53600,56000,4433,52806
2012-07-12,55000,56500,54500,54500,3058,51391
2012-07-13,54900,57200,53700,53700,9043,50637
2012-07-16,53900,54000,52800,53000,6095,49977
2012-07-17,52700,54500,52600,53000,825,49977
2012-07-18,52800,54500,52800,54500,1146,51391
2012-07-19,53500,55500,53500,54500,2089,51391
2012-07-20,54300,54300,52900,53100,4181,50071
2012-07-23,52900,53200,51800,53100,1375,50071
2012-07-24,53000,53000,51500,51600,2146,48657
2012-07-25,51000,51800,50500,50600,2069,47714
2012-07-26,50600,51000,50000,50100,2916,47242
2012-07-27,50700,51900,50400,51700,2339,48751
2012-07-30,52000,52800,50600,52600,2019,49600
2012-07-31,52600,52600,50900,51000,5749,48091
2012-08-01,51300,51600,50800,51200,2625,48280
2012-08-02,50800,51900,50800,51700,997,48751
2012-08-03,51900,52300,51000,51900,1590,48940
2012-08-06,52000,52500,50900,50900,2648,47997
2012-08-07,50900,51700,50900,51700,1526,48751
2012-08-08,51900,53600,51900,53600,3788,50543
2012-08-09,54000,56000,53900,56000,10568,52806
2012-08-10,56600,57100,54500,55500,4156,52334
2012-08-13,55000,56500,55000,56500,2573,53277
2012-08-14,57000,57700,55000,55100,5656,51957
2012-08-16,55100,56400,53600,54000,6521,50920
2012-08-17,54000,54500,53900,54000,10743,50920
2012-08-20,54000,54000,53500,54000,2870,50920
2012-08-21,54800,55000,53700,54000,3709,50920
2012-08-22,54000,54900,53500,54000,4680,50920
2012-08-23,53500,54800,53500,54800,3091,51674
2012-08-24,54100,54700,53600,54000,3061,50920
2012-08-27,54000,54600,53700,54000,7608,50920
2012-08-28,54000,54000,53100,53600,2288,50543
2012-08-29,53800,53800,53400,53500,803,50449
2012-08-30,53700,53800,53300,53800,2327,50731
2012-08-31,53800,55500,53700,54000,21039,50920
2012-09-03,54500,57200,54400,56500,23074,53277
2012-09-04,56600,57000,55400,56500,21693,53277
2012-09-05,55700,56100,53600,53600,8067,50543
2012-09-06,54700,55100,53000,55000,8205,51863
2012-09-07,55000,56000,54300,55000,3774,51863
2012-09-10,55000,55500,54600,55000,4222,51863
2012-09-11,54100,54600,53200,53600,6437,50543
2012-09-12,54500,54600,53700,54400,4140,51297
2012-09-13,54400,54500,52400,52500,13779,49506
2012-09-14,52900,53600,52800,53000,15911,49977
2012-09-17,53000,53100,52500,53000,21390,49977
2012-09-18,53000,55200,52900,55200,16326,52052
2012-09-19,55000,57200,54800,56000,17813,52806
2012-09-20,55700,57400,55700,56800,8925,53560
2012-09-21,57500,59600,57300,59000,19973,55635
2012-09-24,59000,59700,58100,59000,5072,55635
2012-09-25,59000,59000,56900,57500,10021,54220
2012-09-26,57200,57500,56100,56900,6094,53655
2012-09-27,56200,57600,56100,56800,10874,53560
2012-09-28,56800,57300,55400,56000,24115,52806
2012-10-02,56000,57100,55500,56500,16408,53277
2012-10-04,56500,56600,55400,56500,11512,53277
2012-10-05,56500,58400,55800,58400,38614,55069
2012-10-08,58400,59000,57800,58600,30002,55258
2012-10-09,58700,59400,57700,58800,25484,55446
2012-10-10,59000,59000,57000,57900,8755,54598
2012-10-11,57400,58100,55200,55700,13823,52523
2012-10-12,56200,58100,55600,57700,9705,54409
2012-10-15,58100,60100,57700,59400,66074,56012
2012-10-16,59400,60500,58700,59400,40833,56012
2012-10-17,60500,63100,60300,60700,48454,57238
2012-10-18,61000,63000,60100,61500,29975,57992
2012-10-19,61600,62900,59900,62200,10569,58652
2012-10-22,62100,62800,60500,61900,30639,58369
2012-10-23,62800,65700,62400,65500,94774,61764
2012-10-24,66300,69000,64700,68500,70359,64593
2012-10-25,68500,70600,67000,68500,40291,64593
2012-10-26,68500,68500,65500,67800,27727,63933
2012-10-29,69400,69400,65200,65500,10993,61764
2012-10-30,66000,66000,63700,65500,12436,61764
2012-10-31,67500,69200,66000,68300,173240,64405
2012-11-01,69100,71000,67800,69000,24679,65065
2012-11-02,70100,72700,69600,72300,36376,68176
2012-11-05,71200,72900,70700,71600,26402,67516
2012-11-06,72900,72900,70000,72200,21098,68082
2012-11-07,72900,72900,70800,72300,21316,68176
2012-11-08,71000,73400,70600,71900,19388,67799
2012-11-09,72800,76000,70300,74100,20004,69874
2012-11-12,74900,75400,71300,71500,17978,67422
2012-11-13,71500,72400,68500,69900,17662,65913
2012-11-14,69900,71600,69000,71400,10382,67328
2012-11-15,71000,71000,68800,69900,3545,65913
2012-11-16,67500,70600,67500,69400,10899,65442
2012-11-19,71300,71300,69300,69400,3540,65442
2012-11-20,69400,70000,67000,67400,8508,63556
2012-11-21,67900,68000,64700,66400,9351,62613
2012-11-22,66800,68300,64800,65200,12358,61481
2012-11-23,64800,67500,64800,67100,6275,63273
2012-11-26,66800,67900,65800,67700,3797,63839
2012-11-27,68500,69300,67500,68800,6439,64876
2012-11-28,69500,71400,68600,69300,16629,65347
2012-11-29,70400,70500,68800,69300,4991,65347
2012-11-30,70000,70000,68200,69900,8612,65913
2012-12-03,69200,70400,66500,66500,9458,62707
2012-12-04,66500,68000,65300,67200,9196,63367
2012-12-05,68000,68700,65500,66100,10226,62330
2012-12-06,66900,66900,64800,65000,10460,61293
2012-12-07,65400,65900,61800,62000,15411,58464
2012-12-10,62100,64900,62100,64900,9320,61198
2012-12-11,66000,66200,62500,62500,22126,58935
2012-12-12,63100,64500,62500,64400,3518,60727
2012-12-13,65600,66400,65200,66200,25618,62424
2012-12-14,66200,69700,65400,67700,37236,63839
2012-12-17,68400,68500,67500,67500,6811,63650
2012-12-18,68300,68900,65200,68200,15863,64310
2012-12-20,68200,68500,66800,67800,2749,63933
2012-12-21,67900,68500,67300,68200,5619,64310
2012-12-24,68800,69300,67500,69100,7836,65159
2012-12-26,69100,70300,69100,70300,13510,66290
2012-12-27,70500,71000,70000,70900,7005,67577
2012-12-28,70600,71300,69500,70500,6257,67196
2013-01-02,70500,71200,69800,70900,5935,67577
2013-01-03,71800,71800,70400,71700,6172,68340
2013-01-04,71000,72300,71000,72300,6429,68912
2013-01-07,73800,73800,69900,70000,15365,66719
2013-01-08,71100,71100,69300,69800,12237,66529
2013-01-09,69700,70700,69100,69700,10125,66433
2013-01-10,70400,70400,69200,69700,13016,66433
2013-01-11,69400,69900,69000,69800,7862,66529
2013-01-14,70000,70400,69400,69900,4216,66624
2013-01-15,69600,70400,68100,69400,5922,66147
2013-01-16,68500,68900,66500,66800,12905,63669
2013-01-17,67300,67300,64500,64800,11301,61763
2013-01-18,66000,66200,64900,65500,6597,62430
2013-01-21,65900,66000,64700,66000,6117,62907
2013-01-22,66600,66600,65200,65600,6578,62526
2013-01-23,66200,66200,64500,65000,8642,61954
2013-01-24,65500,66200,64600,65600,7439,62526
2013-01-25,65000,67000,64900,66900,6625,63765
2013-01-28,66900,67600,66100,67500,6199,64337
2013-01-29,66600,68200,66600,67700,5471,64527
2013-01-30,66800,68500,66500,67700,8298,64527
2013-01-31,67100,70700,66900,69700,20840,66433
2013-02-01,69900,70800,69200,70200,9007,66910
2013-02-04,70800,70800,68500,70200,6797,66910
2013-02-05,70000,70300,68800,70100,4082,66815
2013-02-06,70400,70500,68900,70100,5299,66815
2013-02-07,69100,70000,68900,70000,4997,66719
2013-02-08,69300,69400,68200,69000,83126,65766
2013-02-12,69000,69000,67200,67200,7612,64051
2013-02-13,66600,67700,66400,67700,6563,64527
2013-02-14,67000,67900,66600,67600,6826,64432
2013-02-15,67000,67200,66400,66500,6332,63383
2013-02-18,67300,67600,66500,67500,6746,64337
2013-02-19,66900,67700,66900,67400,8847,64241
2013-02-20,67100,69400,67100,67500,12878,64337
2013-02-21,67300,67800,65500,66000,11153,62907
2013-02-22,66000,66800,65600,66500,8823,63383
2013-02-25,66200,66600,65500,66000,6163,62907
2013-02-26,65500,67000,65000,67000,7539,63860
2013-02-27,66400,66700,65400,66200,13402,63097
2013-02-28,66200,66400,65200,65600,14252,62526
2013-03-04,65600,65800,63500,64000,23578,61001
2013-03-05,64800,65000,63900,64500,10650,61477
2013-03-06,64900,64900,63600,63900,14525,60905
2013-03-07,63800,64000,62200,62600,20519,59666
2013-03-08,62600,63600,62200,63200,14061,60238
2013-03-11,63400,66700,63000,66100,29729,63002
2013-03-12,66100,66100,64400,65700,16765,62621
2013-03-13,66100,67200,65500,66200,26347,63097
2013-03-14,66500,67100,64800,66800,12990,63669
2013-03-15,66300,67700,65700,67700,10888,64527
2013-03-18,66000,68000,64500,65100,12461,62049
2013-03-19,66200,66500,64500,64500,10302,61477
2013-03-20,65200,65200,64200,64900,13547,61858
2013-03-21,64800,65600,64300,64800,8035,61763
2013-03-22,64400,66000,64400,66000,7736,62907
2013-03-25,66300,66700,65300,66700,6074,63574
2013-03-26,66400,67100,65800,67000,7243,63860
2013-03-27,66400,67700,65900,67700,40303,64527
2013-03-28,67700,67700,66400,67000,8173,63860
2013-03-29,67000,67000,66200,66900,8757,63765
2013-04-01,66900,67000,66300,66700,5845,63574
2013-04-02,66800,67800,66000,67700,25432,64527
2013-04-03,67400,67700,66200,67000,9381,63860
2013-04-04,67000,67000,65800,66900,9561,63765
2013-04-05,65900,67700,65800,67600,9114,64432
2013-04-08,67600,67600,64700,64700,11006,61668
2013-04-09,64500,65800,63700,64700,7269,61668
2013-04-10,63600,65000,62800,63300,13206,60333
2013-04-11,63700,65600,62500,65600,13349,62526
2013-04-12,64800,67100,64700,66400,17189,63288
2013-04-15,65800,68100,65100,67800,13302,64622
2013-04-16,66400,67800,65300,66600,11001,63479
2013-04-17,66000,67600,66000,67600,14643,64432
2013-04-18,67000,67700,66300,67500,41204,64337
2013-04-19,67900,68800,66700,68100,12940,64908
2013-04-22,68200,68400,66700,68200,15487,65004
2013-04-23,67400,74700,67400,73600,44325,70151
2013-04-24,73400,75900,72700,75900,35038,72343
2013-04-25,76000,76500,73100,74700,18903,71199
2013-04-26,73700,75700,73300,75300,18027,71771
2013-04-29,75500,75900,73700,75900,23495,72343
2013-04-30,75500,76800,75000,76800,16467,73201
2013-05-02,76800,76800,73000,75000,15728,71485
2013-05-03,75000,75700,73500,75300,8418,71771
2013-05-06,75100,77000,74000,76300,18813,72724
2013-05-07,75500,75600,72700,72800,28205,69388
2013-05-08,73500,74400,72100,73100,27177,69674
2013-05-09,73800,74100,72300,73600,16972,70151
2013-05-10,73600,73900,69100,69200,34660,65957
2013-05-13,69700,70600,68700,69900,11331,66624
2013-05-14,70500,71000,67400,69000,15233,65766
2013-05-15,68400,71500,68400,71500,9991,68149
2013-05-16,72300,72300,68800,71000,4812,67673
2013-05-20,71000,71000,69000,69900,6302,66624
2013-05-21,69900,70000,68200,70000,8945,66719
2013-05-22,70000,71600,68600,71300,9870,67958
2013-05-23,71300,72300,70300,71800,8253,68435
2013-05-24,70600,72300,68600,71900,5566,68530
2013-05-27,72000,72200,70500,72100,5430,68721
2013-05-28,72100,72100,70700,71900,5354,68530
2013-05-29,72600,72600,70200,70300,5225,67005
2013-05-30,71000,71000,68600,68800,5906,65576
2013-05-31,69700,69700,67500,67500,5588,64337
2013-06-03,67500,68800,64500,64800,15804,61763
2013-06-04,65700,65700,62900,64600,12697,61572
2013-06-05,65000,65100,63600,64000,3901,61001
2013-06-07,64000,65100,62300,64100,6350,61096
2013-06-10,62600,66000,62600,66000,4195,62907
2013-06-11,66000,69200,64900,68200,19820,65004
2013-06-12,68000,68200,65500,67600,17616,64432
2013-06-13,66600,66900,64300,65300,17650,62240
2013-06-14,65300,67100,64000,67000,10532,63860
2013-06-17,65400,67500,63200,64400,18331,61382
2013-06-18,63700,65600,63200,64300,7041,61286
2013-06-19,65500,65500,63100,64000,13710,61001
2013-06-20,64100,64100,62500,63800,6837,60810
2013-06-21,61600,64300,60500,63000,35320,60047
2013-06-24,61200,62200,61000,61000,4994,58141
2013-06-25,59600,60500,58000,59300,11959,56521
2013-06-26,58300,59900,55600,59000,10786,56235
2013-06-27,59900,59900,58500,58600,9236,55854
2013-06-28,59100,61800,59100,60300,8168,57474
2013-07-01,59600,65200,59600,63900,11260,60905
2013-07-02,64000,65500,63200,64500,9953,61477
2013-07-03,63600,64300,62000,62100,8947,59190
2013-07-04,62100,62100,60000,60700,8774,57855
2013-07-05,61400,62100,60700,62100,3917,59190
2013-07-08,62500,62800,59900,62700,5353,59761
2013-07-09,63000,63200,61700,63000,3799,60047
2013-07-10,62100,62600,60900,61000,3234,58141
2013-07-11,61800,63000,60700,62100,5741,59190
2013-07-12,61500,63000,61200,61300,2924,58427
2013-07-15,61200,63500,60200,63500,4424,60524
2013-07-16,62300,64000,62000,63000,4458,60047
2013-07-17,63500,65600,62400,64300,7406,61286
2013-07-18,62900,65400,62600,63500,9382,60524
2013-07-19,63700,65900,62800,64800,6187,61763
2013-07-22,65300,66000,64400,65700,3688,62621
2013-07-23,65700,65700,63600,63700,4084,60715
2013-07-24,63500,63700,61300,61500,9280,58618
2013-07-25,61200,61900,60800,60800,3575,57950
2013-07-26,61000,61500,59600,60400,5744,57569
2013-07-29,60400,60600,59400,59400,6150,56616
2013-07-30,59800,61200,59300,59400,8136,56616
2013-07-31,60500,61700,59800,61500,5971,58618
2013-08-01,60500,61900,60400,61000,4483,58141
2013-08-02,60500,61200,59500,60200,7609,57379
2013-08-05,61100,61100,59900,60800,1668,57950
2013-08-06,61200,61200,60200,60300,2985,57474
2013-08-07,60000,60800,59600,59800,3261,56997
2013-08-08,60000,60500,59600,59900,1320,57093
2013-08-09,59300,60000,58300,58700,6880,55949
2013-08-12,58200,59000,57400,57800,2812,55091
2013-08-13,58100,58100,55200,55200,14908,52613
2013-08-14,55400,57000,55200,55300,10447,52708
2013-08-16,55300,56500,54500,56500,5133,53852
2013-08-19,56000,56300,55500,55600,3726,52994
2013-08-20,55200,56400,54700,54700,6762,52136
2013-08-21,54800,55200,51400,51500,14521,49086
2013-08-22,51300,51400,48650,48900,24169,46608
2013-08-23,49100,50500,48250,49500,13421,47180
2013-08-26,49500,50200,48150,48350,18293,46084
2013-08-27,48450,49050,48200,48650,15571,46370
2013-08-28,48250,49300,48050,49300,12335,46989
2013-08-29,49200,49850,47150,47900,33188,45655
2013-08-30,47550,50800,47550,50800,34916,48419
2013-09-02,51100,53000,50500,53000,16917,50516
2013-09-03,53100,53200,52000,52500,12148,50039
2013-09-04,51900,52600,51000,51200,17325,48800
2013-09-05,51700,54500,51500,54000,13634,51469
2013-09-06,53100,54300,53100,53300,7884,50802
2013-09-09,52400,54500,52400,54500,14250,51946
2013-09-10,55100,55600,54000,55000,14975,52422
2013-09-11,54500,56600,54300,56100,9567,53471
2013-09-12,57100,57100,55400,56900,9096,54233
2013-09-13,56600,58500,55800,58500,16814,55758
2013-09-16,58500,58500,57100,58000,12086,55282
2013-09-17,57900,59800,57300,59300,12769,56521
2013-09-23,59300,59300,56700,58000,7104,55282
2013-09-24,57100,58500,56800,57700,17111,54996
2013-09-25,57700,58100,56000,56300,11958,53661
2013-09-26,55500,59000,55500,59000,9591,56235
2013-09-27,59000,60400,57700,60400,8148,57569
2013-09-30,59800,60400,58700,59200,5683,56425
2013-10-01,60000,60000,56500,57000,5918,54329
2013-10-02,57800,57800,55300,55800,9115,53185
2013-10-04,55800,56400,55000,55000,6796,52422
2013-10-07,54700,55300,53500,54700,7986,52136
2013-10-08,54000,55100,53900,54500,4488,51946
2013-10-10,54500,54500,53100,53400,6340,50897
2013-10-11,53400,54300,53100,53900,3536,51374
2013-10-14,53500,55000,52900,54100,2597,51564
2013-10-15,54500,55300,53400,53900,5698,51374
2013-10-16,53900,54500,52300,53900,6982,51374
2013-10-17,54000,54000,50000,50700,17749,48324
2013-10-18,51100,51700,50400,51300,10565,48896
2013-10-21,51100,51700,50800,51500,7755,49086
2013-10-22,51500,53400,51500,51600,10318,49182
2013-10-23,51800,52800,51000,51600,10433,49182
2013-10-24,51800,52000,50700,52000,10872,49563
2013-10-25,51600,53100,51600,53100,6787,50611
2013-10-28,52500,53500,52100,53000,5110,50516
2013-10-29,52500,53300,51800,51800,8186,49372
2013-10-30,51800,53400,51600,52500,6219,50039
2013-10-31,52600,54000,52600,53100,5416,50611
2013-11-01,53100,53200,51900,52900,8985,50421
2013-11-04,52100,52800,51800,52000,7100,49563
2013-11-05,51800,52700,51500,51800,10360,49372
2013-11-06,51800,52100,51300,51300,16170,48896
2013-11-07,51200,51800,50300,51200,11230,48800
2013-11-08,51200,51800,50500,50800,4408,48419
2013-11-11,50800,51400,49750,50200,10176,47847
2013-11-12,49750,50700,48150,48400,17161,46132
2013-11-13,48400,48750,47800,48350,10067,46084
2013-11-14,47650,48150,46000,46250,31519,44082
2013-11-15,46800,46800,45000,45050,30847,42939
2013-11-18,45000,45300,43700,43800,38437,41747
2013-11-19,44100,44500,42100,43300,44406,41271
2013-11-20,43400,44050,41700,41750,355449,39793
2013-11-21,42150,43550,42150,43050,80049,41032
2013-11-22,43450,43500,42750,43500,23573,41461
2013-11-25,43750,44150,43400,43950,20880,41890
2013-11-26,44000,45150,43750,44850,25004,42748
2013-11-27,45150,45400,44100,45000,18539,42891
2013-11-28,45300,45750,44750,45000,28879,42891
2013-11-29,45100,45450,44700,45300,8665,43177
2013-12-02,45400,47300,44750,46900,23138,44702
2013-12-03,46400,47500,45600,47400,24930,45178
2013-12-04,46600,48350,46550,48050,18729,45798
2013-12-05,48000,48600,47150,47600,13077,45369
2013-12-06,48100,48100,45200,46150,27629,43987
2013-12-09,46500,46700,44900,45250,14877,43129
2013-12-10,45700,46850,44650,46750,8297,44559
2013-12-11,46500,46900,45800,45950,9102,43796
2013-12-12,45700,46350,43700,44200,23983,42128
2013-12-13,44350,46000,43850,45900,18546,43749
2013-12-16,45200,46400,45200,45600,7454,43463
2013-12-17,46200,46200,45550,45850,7487,43701
2013-12-18,46300,46300,45550,46150,6566,43987
2013-12-19,46600,46600,46000,46250,7926,44082
2013-12-20,46000,47200,46000,47050,12037,44845
2013-12-23,47650,47650,46550,47200,7752,44988
2013-12-24,47000,47350,46500,47200,10969,44988
2013-12-26,47200,47650,45900,46200,15610,44035
2013-12-27,45700,46900,45500,46200,7486,44761
2013-12-30,46950,46950,46150,46700,2802,45246
2014-01-02,46700,46900,45600,46000,13343,44567
2014-01-03,46000,46200,45650,45900,17282,44471
2014-01-06,45500,45650,44650,44850,12356,43453
2014-01-07,44800,46200,44800,46150,5467,44713
2014-01-08,45550,46800,45550,46800,5427,45343
2014-01-09,46450,47650,46400,47050,9211,45585
2014-01-10,47700,48000,47350,48000,9866,46505
2014-01-13,48000,48600,47400,48050,10010,46554
2014-01-14,47500,48050,47450,47950,4290,46457
2014-01-15,47650,48100,47600,48000,11617,46505
2014-01-16,48000,48000,47150,47750,11777,46263
2014-01-17,47300,48150,47200,47700,8371,46215
2014-01-20,47350,48250,47350,47450,10000,45972
2014-01-21,47450,48550,47350,48000,13550,46505
2014-01-22,47750,48600,47750,48250,8883,46747
2014-01-23,48250,48400,47450,47650,9030,46166
2014-01-24,47350,47800,47300,47800,7700,46311
2014-01-27,47700,47700,46300,46800,6560,45343
2014-01-28,47150,47150,46300,46500,5916,45052
2014-01-29,46550,47350,46450,47350,15413,45875
2014-02-03,47350,47550,46350,46900,3133,45439
2014-02-04,46900,47400,46300,46700,6628,45246
2014-02-05,47150,47200,46800,46900,6226,45439
2014-02-06,47150,47150,46600,46900,7004,45439
2014-02-07,46800,52800,46800,51000,32756,49412
2014-02-10,51000,51200,49750,50300,7912,48734
2014-02-11,50000,50600,49800,49950,6013,48395
2014-02-12,49700,50400,49200,50400,7570,48831
2014-02-13,50500,50800,49750,49850,3687,48298
2014-02-14,49750,50700,49750,50400,2983,48831
2014-02-17,51000,51000,50000,50000,5189,48443
2014-02-18,49700,51600,49700,51200,8112,49606
2014-02-19,50900,51400,50900,51000,7843,49412
2014-02-20,50700,51700,50700,51500,4602,49896
2014-02-21,51500,53100,51500,52200,9233,50574
2014-02-24,51800,52400,51400,52200,4273,50574
2014-02-25,52200,53100,52200,52800,3806,51156
2014-02-26,52600,53100,52600,52700,4117,51059
2014-02-27,52300,53000,52300,52500,4757,50865
2014-02-28,52300,52900,51700,51700,4167,50090
2014-03-03,51600,52500,51300,51300,6243,49703
2014-03-04,51300,51300,50400,50400,3645,48831
2014-03-05,50700,52400,50700,52000,5128,50381
2014-03-06,51600,52300,51200,51400,4227,49799
2014-03-07,52000,52100,51300,51500,3777,49896
2014-03-10,51500,51800,49200,49750,6515,48201
2014-03-11,49400,54400,48500,50600,6333,49024
2014-03-12,50500,51600,48600,49450,5917,47910
2014-03-13,49500,50700,49500,49700,6004,48152
2014-03-14,49800,50500,49800,50200,9319,48637
2014-03-17,50300,51800,49650,49800,5206,48249
2014-03-18,49850,51200,49850,50800,1769,49218
2014-03-19,50900,51900,50500,51700,3573,50090
2014-03-20,51900,51900,50500,51000,2626,49412
2014-03-21,51000,51900,50700,51500,2573,49896
2014-03-24,51900,52800,51700,52300,4424,50671
2014-03-25,52600,52600,51300,51500,4153,49896
2014-03-26,51900,51900,50200,50900,11156,49315
2014-03-27,50700,51300,50600,51000,6168,49412
2014-03-28,51500,51500,50200,50800,6750,49218
2014-03-31,50500,51400,50500,50900,2634,49315
2014-04-01,50500,50800,49650,50000,7085,48443
2014-04-02,49500,50800,49300,49800,4467,48249
2014-04-03,49700,50600,49700,49800,6166,48249
2014-04-04,49850,52200,49650,51500,10342,49896
2014-04-07,51000,51900,50600,50900,9158,49315
2014-04-08,50400,51800,50400,51600,1858,49993
2014-04-09,51900,52600,50800,51500,6877,49896
2014-04-10,51000,51900,50700,51100,3715,49509
2014-04-11,51000,51600,50000,50000,5972,48443
2014-04-14,50000,50500,50000,50000,3298,48443
2014-04-15,50000,50400,49650,50000,13603,48443
2014-04-16,50000,50500,49650,50100,12051,48540
2014-04-17,49850,50300,48650,49800,10102,48249
2014-04-18,49800,50500,49250,49700,4274,48152
2014-04-21,49300,49800,49250,49500,4063,47959
2014-04-22,49300,50800,49300,50800,13120,49218
2014-04-23,50200,52200,50100,52200,5558,50574
2014-04-24,52000,52200,51200,51500,5464,49896
2014-04-25,50800,51600,47150,49000,11080,47474
2014-04-28,49000,49950,48750,49200,2526,47668
2014-04-29,49100,49600,48750,48850,5344,47329
2014-04-30,48700,49950,48700,48900,5850,47377
2014-05-02,48900,49100,47100,47800,13742,46311
2014-05-07,47800,47800,46850,47200,5990,45730
2014-05-08,46900,47500,46800,47250,5542,45779
2014-05-09,46800,47850,46800,47350,3674,45875
2014-05-12,47400,47900,47350,47600,4456,46118
2014-05-13,47100,47850,47050,47400,5686,45924
2014-05-14,47150,48100,47150,47650,33596,46166
2014-05-15,47650,47850,46800,47100,10392,45633
2014-05-16,47200,47200,46250,46400,10930,44955
2014-05-19,46300,46850,46100,46200,12081,44761
2014-05-20,46150,46550,45200,46400,9512,44955
2014-05-21,46300,46650,45700,46000,16166,44567
2014-05-22,46000,46900,46000,46800,8541,45343
2014-05-23,47200,47200,46300,46750,11181,45294
2014-05-26,46550,46900,45700,46500,20340,45052
2014-05-27,46700,46700,44750,45600,19642,44180
2014-05-28,45150,45700,45100,45600,11323,44180
2014-05-29,45600,45600,45350,45500,7494,44083
2014-05-30,45400,45650,45300,45500,11791,44083
2014-06-02,45050,45800,45050,45800,9562,44374
2014-06-03,45400,45950,45300,45600,7030,44180
2014-06-05,45600,45800,45400,45600,8061,44180
2014-06-09,45600,45900,45400,45750,9131,44325
2014-06-10,46100,46250,45500,46050,6724,44616
2014-06-11,46050,47450,46050,47250,8127,45779
2014-06-12,46450,47300,43200,43200,26864,41855
2014-06-13,43900,46250,43750,46050,21177,44616
2014-06-16,45250,46050,44950,46050,13161,44616
2014-06-17,45600,46100,45300,45550,4027,44132
2014-06-18,45400,45900,45250,45450,4639,44035
2014-06-19,45850,46000,45350,46000,6051,44567
2014-06-20,46200,46200,45500,45950,2997,44519
2014-06-23,45450,46050,45450,46050,5104,44616
2014-06-24,45550,46150,45550,45850,7124,44422
2014-06-25,45500,46200,45500,46050,8396,44616
2014-06-26,46050,47350,46050,47300,12252,45827
2014-06-27,47450,47450,46400,46700,5483,45246
2014-06-30,47000,47400,46700,47150,4180,45682
2014-07-01,46850,48500,46850,48350,14947,46844
2014-07-02,48400,50100,48200,50000,22091,48443
2014-07-03,50000,50100,49100,49950,16476,48395
2014-07-04,49950,51400,49500,51000,20765,49412
2014-07-07,51000,52000,50700,51700,15393,50090
2014-07-08,51600,52300,51500,52100,15042,50478
2014-07-09,52100,52800,51600,52100,22592,50478
2014-07-10,52100,53600,51700,53600,14241,51931
2014-07-11,53000,54300,52700,54200,13398,52512
2014-07-14,53900,54300,53700,54100,14548,52415
2014-07-15,53600,54600,53500,53800,15712,52125
2014-07-16,53400,54500,53300,54000,18099,52318
2014-07-17,53500,54700,53500,54000,9325,52318
2014-07-18,54600,54600,53400,54100,8620,52415
2014-07-21,53600,54100,53600,53900,7245,52222
2014-07-22,53900,54600,53600,54500,8875,52803
2014-07-23,54300,55500,54200,55500,8881,53772
2014-07-24,55600,55600,54200,55000,13549,53287
2014-07-25,55000,58200,54300,56300,42021,54547
2014-07-28,55700,56500,54500,56000,18225,54256
2014-07-29,56400,56400,54900,56100,15600,54353
2014-07-30,56500,56500,55200,56000,12523,54256
2014-07-31,55200,56800,55200,56200,12387,54450
2014-08-01,56900,57000,55800,56500,14775,54741
2014-08-04,55900,57200,55900,56500,12258,54741
2014-08-05,56600,57400,55900,57400,19931,55613
2014-08-06,56700,58900,56700,58000,17657,56194
2014-08-07,57500,58900,57400,58200,9640,56388
2014-08-08,58000,58700,56800,58300,11490,56485
2014-08-11,57700,58700,57600,58200,6742,56388
2014-08-12,58200,58700,57200,58400,6110,56581
2014-08-13,58700,59100,58000,58300,5654,56485
2014-08-14,58000,58800,57700,58600,7663,56775
2014-08-18,58600,59200,58100,58100,11876,56291
2014-08-19,58200,59500,58200,59300,20666,57453
2014-08-20,59300,62300,58800,61800,37135,59876
2014-08-21,63100,64800,62500,63100,51173,61135
2014-08-22,64100,65200,63400,64500,37292,62492
2014-08-25,67000,71100,67000,67700,77389,65592
2014-08-26,67700,70000,67100,69800,55982,67627
2014-08-27,70000,72900,68200,69400,45383,67239
2014-08-28,69300,71500,68800,70200,24395,68014
2014-08-29,70200,70700,69200,70600,14213,68402
2014-09-01,70000,70000,67500,67900,49999,65786
2014-09-02,67500,68200,66500,67500,25809,65398
2014-09-03,66700,68100,66600,68100,25075,65980
2014-09-04,68000,68100,66800,67000,14997,64914
2014-09-05,66800,68400,66800,68100,9741,65980
2014-09-11,68100,68100,67000,67000,10362,64914
2014-09-12,66500,67500,65600,67000,21876,64914
2014-09-15,66200,68000,65900,65900,15968,63848
2014-09-16,66100,67200,65900,67000,10419,64914
2014-09-17,66400,69000,66400,68400,29483,66270
2014-09-18,67800,69600,67800,69000,19605,66851
2014-09-19,69100,69500,68100,69500,8207,67336
2014-09-22,69700,69700,67200,68900,9651,66755
2014-09-23,69800,72500,66600,67400,49758,65301
2014-09-24,67300,69800,66500,69500,29653,67336
2014-09-25,69000,69900,69000,69200,8662,67045
2014-09-26,69200,69300,68100,68900,7310,66755
2014-09-29,68900,69100,67200,67900,16615,65786
2014-09-30,67900,69200,67900,69200,11871,67045
2014-10-01,68600,69500,68100,68800,11535,66658
2014-10-02,68800,68800,67400,68300,13492,66173
2014-10-06,68300,68800,66700,68000,13163,65883
2014-10-07,68000,68100,66700,67700,14901,65592
2014-10-08,66800,68300,66800,67300,9892,65204
2014-10-10,67300,68100,65700,67400,8234,65301
2014-10-13,67300,67300,65100,66200,12395,64139
2014-10-14,66400,66800,65000,66000,9601,63945
2014-10-15,66500,67800,65700,67300,9637,65204
2014-10-16,67700,67700,65800,66300,9400,64236
2014-10-17,67300,67300,65800,66900,10626,64817
2014-10-20,66900,67700,66100,67400,5051,65301
2014-10-21,66600,69200,66600,69200,10281,67045
2014-10-22,69200,70600,68100,68400,12314,66270
2014-10-23,68400,72300,68300,71500,32745,69274
2014-10-24,72400,74000,70600,72100,17247,69855
2014-10-27,72600,73200,71500,72600,16095,70339
2014-10-28,73000,73400,70900,72200,14006,69952
2014-10-29,72200,74800,70100,70500,29293,68305
2014-10-30,70100,71400,68900,69500,11590,67336
2014-10-31,69600,70600,67500,68700,14823,66561
2014-11-03,68100,70800,68100,69100,10640,66948
2014-11-04,69200,70500,67600,68900,13547,66755
2014-11-05,71000,71000,67900,69300,8881,67142
2014-11-06,68700,69900,67400,68100,9321,65980
2014-11-07,67600,69000,66300,68000,7043,65883
2014-11-10,69000,69000,66800,67400,5058,65301
2014-11-11,67500,68700,67000,67500,5758,65398
2014-11-12,68500,71200,67600,70700,45104,68499
2014-11-13,71500,71800,69100,71100,11823,68886
2014-11-14,70700,71600,69400,69800,4163,67627
2014-11-17,69900,70900,68000,68600,12242,66464
2014-11-18,68500,70000,67600,67900,8770,65786
2014-11-19,67900,68400,67600,68000,6300,65883
2014-11-20,69500,70200,68000,68600,15431,66464
2014-11-21,68400,69800,68100,68600,14348,66464
2014-11-24,68000,69300,66900,67400,9374,65301
2014-11-25,67400,68200,65900,66700,9076,64623
2014-11-26,66200,66800,65100,65700,8420,63654
2014-11-27,65000,66000,65000,65600,6425,63557
2014-11-28,65000,66100,64400,65700,7026,63654
2014-12-01,64900,65800,62600,65600,23356,63557
2014-12-02,64700,66400,63500,63700,9448,61716
2014-12-03,63200,63700,62600,63300,7433,61329
2014-12-04,62700,64300,62700,63700,9553,61716
2014-12-05,63100,64200,63100,63700,4567,61716
2014-12-08,63700,64600,62700,63400,8974,61426
2014-12-09,62800,63700,62800,63300,11595,61329
2014-12-10,63000,64000,62800,63800,9813,61813
2014-12-11,63900,63900,61100,62500,15046,60554
2014-12-12,62100,63900,61700,62600,6750,60651
2014-12-15,63700,63900,61100,61800,6029,59876
2014-12-16,61700,63000,61700,62100,7663,60166
2014-12-17,63100,63100,61400,62300,13388,60360
2014-12-18,62800,62800,61600,62000,7357,60069
2014-12-19,63000,63200,61700,62400,7678,60457
2014-12-22,63000,63000,61400,62000,3801,60069
2014-12-23,62900,63100,61700,62800,3489,60845
2014-12-24,63200,64600,61200,61500,17550,59585
2014-12-26,61500,63100,59700,62100,22274,60166
2014-12-29,61400,63000,61400,63000,4709,61784
2014-12-30,63100,65100,62300,62400,14061,61196
2015-01-02,62400,63600,62000,63200,10417,61981
2015-01-05,62400,65400,62100,64000,7431,62765
2015-01-06,63200,64400,63000,63100,10976,61883
2015-01-07,64000,64000,62800,63200,5612,61981
2015-01-08,62800,64100,62800,63200,6422,61981
2015-01-09,63000,64000,62900,63600,4737,62373
2015-01-12,64400,64400,63000,63200,5302,61981
2015-01-13,63100,63900,61700,62100,17143,60902
2015-01-14,61900,63100,60500,60500,9890,59333
2015-01-15,60600,61800,60500,61800,11774,60608
2015-01-16,61300,62000,61000,61500,6912,60313
2015-01-19,63000,63800,61900,62500,5150,61294
2015-01-20,63000,66200,62700,65500,28794,64236
2015-01-21,65300,69900,65300,69200,31346,67865
2015-01-22,69200,71000,68700,69500,17979,68159
2015-01-23,68900,70300,68500,69400,10566,68061
2015-01-26,70300,71400,69400,70300,22888,68944
2015-01-27,70800,71400,70000,71100,24978,69728
2015-01-28,70500,71400,70500,71000,16198,69630
2015-01-29,70500,71400,70000,70800,25118,69434
2015-01-30,70200,80500,70200,74600,65982,73161
2015-02-02,75200,77200,73800,75600,33279,74141
2015-02-03,79500,80200,75400,76100,58513,74632
2015-02-04,77300,77300,75400,76000,20270,74534
2015-02-05,77200,79500,75200,79000,50019,77476
2015-02-06,80000,83600,79000,80600,50085,79045
2015-02-09,81800,85500,81000,84500,60120,82870
2015-02-10,84500,85800,82400,83400,31022,81791
2015-02-11,83200,84400,82300,82800,12485,81203
2015-02-12,83000,83500,80200,82400,13050,80810
2015-02-13,81800,83300,81100,82600,16069,81006
2015-02-16,81700,82500,80700,81800,16858,80222
2015-02-17,81700,81800,77100,80300,18335,78751
2015-02-23,80300,80300,77800,79900,18938,78359
2015-02-24,79000,82400,79000,81900,16354,80320
2015-02-25,81100,82400,81100,81700,14813,80124
2015-02-26,81700,83100,81200,82900,9782,81301
2015-02-27,82900,83200,82000,82500,13688,80908
2015-03-02,83300,83300,81300,81300,23927,79732
2015-03-03,81300,82700,80900,81800,22265,80222
2015-03-04,81000,82000,79700,79800,21416,78260
2015-03-05,78600,79600,74000,79000,76304,77476
2015-03-06,77500,78500,75100,76500,36200,75024
2015-03-09,76600,78000,76600,77500,19672,76005
2015-03-10,78000,79500,77000,78900,20236,77378
2015-03-11,78900,79500,76800,78300,21170,76789
2015-03-12,77600,78400,76600,78000,19571,76495
2015-03-13,78400,79800,77700,79100,15917,77574
2015-03-16,79400,82500,78500,82000,24633,80418
2015-03-17,82000,85100,81300,84500,20470,82870
2015-03-18,85300,85300,82800,83200,18547,81595
2015-03-19,82900,84000,82000,83200,9579,81595
2015-03-20,82700,84100,82600,83300,9985,81693
2015-03-23,83500,95700,83000,85500,29456,83851
2015-03-24,84400,86300,84400,84800,10222,83164
2015-03-25,84800,86300,84800,85900,16118,84243
2015-03-26,86900,89500,86000,87600,52648,85910
2015-03-27,88100,88500,87100,87500,20506,85812
2015-03-30,88000,88500,85500,87100,19932,85420
2015-03-31,87100,87700,85700,86100,21851,84439
2015-04-01,85700,88300,85700,88100,18403,86400
2015-04-02,88000,88600,86800,88200,17037,86498
2015-04-03,89000,89200,87400,88100,8409,86400
2015-04-06,88200,89300,86900,89300,27255,87577
2015-04-07,89400,92000,89000,91500,26977,89735
2015-04-08,91600,91800,89600,90700,19632,88950
2015-04-09,91200,91500,89500,90700,16333,88950
2015-04-10,90100,90500,88900,90300,14598,88558
2015-04-13,89400,90200,86800,89100,30327,87381
2015-04-14,89000,89700,87100,88500,27018,86793
2015-04-15,87600,89000,87600,88800,14854,87087
2015-04-16,88300,90500,88300,90500,34346,88754
2015-04-17,90600,91500,90100,91100,27937,89343
2015-04-20,91600,91600,90300,91500,14572,89735
2015-04-21,91500,91600,90400,91400,10209,89637
2015-04-22,91400,91500,88200,90000,30094,88264
2015-04-23,89400,90100,88200,90000,18862,88264
2015-04-24,89200,90300,85200,86100,37021,84439
2015-04-27,86500,90000,86200,90000,19999,88264
2015-04-28,90000,92300,90000,91100,16617,89343
2015-04-29,92000,92000,88400,90000,13625,88264
2015-04-30,89100,89600,86200,87200,25422,85518
2015-05-04,87200,88500,84000,88100,21111,86400
2015-05-06,88100,88400,84800,85600,18994,83949
2015-05-07,86000,86000,81300,83900,21600,82281
2015-05-08,82500,84500,82500,83500,11274,81889
2015-05-11,83600,88000,83500,87200,21868,85518
2015-05-12,86500,87600,85000,86000,14697,84341
2015-05-13,85200,87900,85200,87900,17260,86204
2015-05-14,87900,89000,87100,88400,14937,86695
2015-05-15,89000,89000,86500,87700,16433,86008
2015-05-18,89600,89600,86700,89000,25566,87283
2015-05-19,88300,91200,88300,90000,17261,88264
2015-05-20,89500,90000,88000,90000,12877,88264
2015-05-21,89600,90600,88300,90000,12533,88264
2015-05-22,88800,92200,88800,92100,22856,90323
2015-05-26,92100,96700,92100,95700,39111,93854
2015-05-27,94100,99300,94100,99300,40053,97384
2015-05-28,99900,106000,99400,104000,53991,101994
2015-05-29,104500,110500,104000,109000,63518,106897
2015-06-01,114000,115500,109000,111500,39291,109349
2015-06-02,109500,115000,109000,114500,36779,112291
2015-06-03,116500,116500,107500,110000,33196,107878
2015-06-04,109500,111500,105500,110000,25127,107878
2015-06-05,110000,116500,108500,116000,29095,113762
2015-06-08,114500,120500,114500,116000,30393,113762
2015-06-09,117000,117000,112500,114500,18504,112291
2015-06-10,115500,116500,111500,116000,20293,113762
2015-06-11,116000,116000,106500,106500,75195,104446
2015-06-12,107500,112500,107000,109500,44259,107388
2015-06-15,109000,109500,103500,105000,34175,102974
2015-06-16,104000,108500,102500,107000,27133,104936
2015-06-17,106000,113500,105000,113500,32872,111311
2015-06-18,113500,121500,112500,115500,35593,113272
2015-06-19,117000,117000,110500,113000,20963,110820
2015-06-22,116000,116000,111500,114500,15351,112291
2015-06-23,112500,116000,110500,114500,15492,112291
2015-06-24,117000,122500,116000,119500,26381,117195
2015-06-25,119000,119500,113500,116000,127159,113762
2015-06-26,115500,118500,112500,118500,35812,116214
2015-06-29,115000,118500,112500,114500,25944,112291
2015-06-30,112500,116500,110000,116000,22154,113762
2015-07-01,119000,119000,113500,114000,30489,111801
2015-07-02,114000,116000,112500,115500,16309,113272
2015-07-03,114500,116000,110500,111500,21921,109349
2015-07-06,108500,113500,106500,110500,12197,108368
2015-07-07,112000,112000,102500,105000,37334,102974
2015-07-08,107000,107000,100000,100000,32016,98071
2015-07-09,100000,102000,99300,100500,32109,98561
2015-07-10,102000,103000,97800,103000,27191,101013
2015-07-13,103000,104500,100000,104500,16656,102484
2015-07-14,103000,105000,102500,103000,14382,101013
2015-07-15,103500,105000,102000,103500,15107,101503
2015-07-16,103500,104000,101500,102500,15397,100523
2015-07-17,102500,104500,100000,104500,23418,102484
2015-07-20,104500,112000,103500,112000,33787,109839
2015-07-21,112500,112500,108000,109500,15851,107388
2015-07-22,108000,115500,108000,113500,30512,111311
2015-07-23,113500,115500,109500,109500,15661,107388
2015-07-24,111500,111500,105000,109000,25493,106897
2015-07-27,111000,111000,102000,104000,23918,101994
2015-07-28,103500,106000,96000,104000,33462,101994
2015-07-29,102000,104000,99600,99600,19950,97679
2015-07-30,100000,103500,99400,100000,10602,98071
2015-07-31,98200,99900,96600,98900,14225,96992
2015-08-03,98900,104000,98900,103000,19757,101013
2015-08-04,102500,102500,99500,101000,16154,99052
2015-08-05,101000,113000,101000,113000,47331,110820
2015-08-06,114500,116500,111000,116000,34115,113762
2015-08-07,117000,120000,115000,115000,43492,112782
2015-08-10,114500,122500,111500,116000,40051,113762
2015-08-11,116500,117500,112500,115500,15958,113272
2015-08-12,115500,116000,104000,109000,37652,106897
2015-08-13,110500,113000,105500,113000,21069,110820
2015-08-14,113000,113000,113000,113000,0,110820
2015-08-17,114000,115500,111500,114500,17419,112291
2015-08-18,116500,116500,108500,111000,19474,108859
2015-08-19,109000,110000,100500,107000,31651,104936
2015-08-20,103500,109000,103500,107000,11375,104936
2015-08-21,104000,104000,97700,100000,50581,98071
2015-08-24,100000,101000,95900,97700,22053,95815
2015-08-25,98700,98700,91500,95200,34637,93363
2015-08-26,96400,98500,94100,98500,19302,96600
2015-08-27,99500,101500,97200,98400,18622,96502
2015-08-28,98900,102500,98100,99000,21831,97090
2015-08-31,98100,100500,98100,98700,13460,96796
2015-09-01,98400,99400,97800,98100,9308,96208
2015-09-02,97600,97600,93800,94200,18498,92383
2015-09-03,95300,95300,90700,91900,28275,90127
2015-09-04,91900,92400,88500,89000,28593,87283
2015-09-07,88700,90800,85700,89800,9346,88068
2015-09-08,87500,89400,85500,86100,26116,84439
2015-09-09,86500,89500,86500,89300,19576,87577
2015-09-10,89200,92700,88300,92700,21783,90912
2015-09-11,91500,93900,91200,93900,14476,92089
2015-09-14,93900,94200,91200,94200,15891,92383
2015-09-15,94200,94800,93100,93700,5705,91892
2015-09-16,94700,94700,92800,93100,15489,91304
2015-09-17,93900,93900,91600,92100,13292,90323
2015-09-18,92100,93000,91400,92900,17546,91108
2015-09-21,95000,96700,93300,93700,32651,91892
2015-09-22,94600,98600,93000,98400,31014,96502
2015-09-23,96700,98000,96500,96800,10107,94933
2015-09-24,98400,98400,96100,98100,11072,96208
2015-09-25,98100,98500,96700,97700,12618,95815
2015-09-30,98100,98500,95300,98500,25506,96600
2015-10-01,98500,101000,97700,100500,19462,98561
2015-10-02,100000,101000,99000,100500,8133,98561
2015-10-05,100500,101000,99200,99900,8752,97973
2015-10-06,100000,101000,99200,100500,9130,98561
2015-10-07,99500,101500,99500,101500,8368,99542
2015-10-08,100000,101500,98700,101500,12956,99542
2015-10-12,101500,102000,99800,100500,11609,98561
2015-10-13,99800,101500,98500,99700,21884,97777
2015-10-14,98600,100000,98000,98600,11926,96698
2015-10-15,98100,99700,97800,98000,11297,96109
2015-10-16,98000,99500,97800,98200,14017,96306
2015-10-19,98300,98900,96400,97400,14939,95521
2015-10-20,98200,98200,96300,96800,10211,94933
2015-10-21,96200,97800,96200,97100,6185,95227
2015-10-22,96400,97900,96400,97900,5324,96011
2015-10-23,98500,98600,96600,98200,6919,96306
2015-10-26,98800,100000,98100,98500,8769,96600
2015-10-27,99300,99300,97200,98100,9470,96208
2015-10-28,98400,98400,96700,97700,6638,95815
2015-10-29,97000,97500,93000,95900,13085,94050
2015-10-30,95900,96700,93500,95800,11155,93952
2015-11-02,95900,96100,90600,93400,9056,91598
2015-11-03,93600,93800,91100,93300,12609,91500
2015-11-04,93300,93700,91100,92700,6671,90912
2015-11-05,91800,93300,91600,93300,6842,91500
2015-11-06,93300,93900,91900,92300,7432,90519
2015-11-09,93400,93400,90500,92200,10976,90421
2015-11-10,90300,91500,85900,87000,25190,85322
2015-11-11,86700,91400,86100,90100,14545,88362
2015-11-12,90200,92100,90200,92100,9086,90323
2015-11-13,90200,91900,90200,90800,4106,89048
2015-11-16,89900,91000,88600,90400,6911,88656
2015-11-17,90400,90900,88100,89000,11299,87283
2015-11-18,89800,89800,86400,89300,7757,87577
2015-11-19,89300,89500,87000,87500,11141,85812
2015-11-20,88500,89000,87100,88900,4118,87185
2015-11-23,89000,89700,88100,88900,10737,87185
2015-11-24,89500,89800,88800,89600,5138,87871
2015-11-25,89400,90200,88800,89900,5343,88166
2015-11-26,90100,91900,89600,90900,7146,89146
2015-11-27,90900,92400,90200,91800,5590,90029
2015-11-30,91800,92000,88500,89300,8964,87577
2015-12-01,88500,90700,88200,90200,8621,88460
2015-12-02,89600,91200,89600,90900,6146,89146
2015-12-03,90100,91200,89700,90200,4471,88460
2015-12-04,89000,90000,87700,88800,7576,87087
2015-12-07,90500,90500,88300,89300,8784,87577
2015-12-08,89300,89700,88300,89200,10747,87479
2015-12-09,89700,89700,88000,88800,7342,87087
2015-12-10,88500,89700,88100,89700,14443,87970
2015-12-11,89100,90100,87900,88300,14973,86597
2015-12-14,88300,88300,84200,85100,13308,83458
2015-12-15,84000,86000,80600,84300,26288,82674
2015-12-16,84700,90200,84700,88600,15342,86891
2015-12-17,88600,90000,87400,87800,6849,86106
2015-12-18,87900,91500,87900,91000,22880,89244
2015-12-21,91500,91900,89600,91700,12575,89931
2015-12-22,91600,92000,90700,91000,11357,89244
2015-12-23,91000,94400,91000,94300,14645,92481
2015-12-24,94800,94900,93000,93800,8932,91990
2015-12-28,93800,94900,91800,92600,10173,90814
2015-12-29,92600,95400,91900,95400,19179,94324
2015-12-30,96300,96300,94400,95200,6808,94126
2016-01-04,95200,95700,93500,94700,11433,93631
2016-01-05,94600,94600,91800,93000,5299,91951
2016-01-06,93000,94400,92200,93200,9006,92148
2016-01-07,93800,94000,92000,94000,7436,92939
2016-01-08,94200,94200,91200,92000,10395,90962
2016-01-11,91400,92900,90400,90400,15651,89380
2016-01-12,91900,91900,90300,90600,5321,89578
2016-01-13,91200,92400,90500,91800,7618,90764
2016-01-14,91800,91800,90300,91800,6599,90764
2016-01-15,91800,92200,88700,89200,15965,88193
2016-01-18,88900,89800,87700,89200,4906,88193
2016-01-19,89200,89800,88300,88900,4174,87897
2016-01-20,88900,89200,78700,88000,45549,87007
2016-01-21,88700,88800,86100,86700,5735,85722
2016-01-22,87400,87500,85600,86500,7761,85524
2016-01-25,86500,89300,86500,88500,10815,87501
2016-01-26,87600,88400,85600,87100,10017,86117
2016-01-27,88200,88900,86900,87500,4788,86513
2016-01-28,86000,88300,86000,87300,5914,86315
2016-01-29,86500,87900,86100,86500,7766,85524
2016-02-01,86500,87400,86100,86500,3062,85524
2016-02-02,86300,87800,86300,86700,11456,85722
2016-02-03,86700,87500,84400,85300,13557,84337
2016-02-04,86300,86300,84000,85300,6828,84337
2016-02-05,85600,86500,84900,86100,3663,85128
2016-02-11,86100,86800,84900,86300,7286,85326
2016-02-12,86500,86500,82200,84600,9754,83645
2016-02-15,83000,85500,83000,84600,5054,83645
2016-02-16,85500,85500,83700,83900,8060,82953
2016-02-17,82900,84500,82400,84000,8304,83052
2016-02-18,85100,85200,82800,84400,11632,83448
2016-02-19,84900,85700,83700,84000,5729,83052
2016-02-22,83800,84400,82800,84400,7021,83448
2016-02-23,86000,86000,83400,84200,6314,83250
2016-02-24,84200,84200,82700,83000,5159,82063
2016-02-25,83200,84400,83100,83400,5029,82459
2016-02-26,83500,84500,83200,84100,4932,83151
2016-02-29,84000,85500,83700,84800,5265,83843
2016-03-02,84800,85900,84800,85500,7768,84535
2016-03-03,85300,86400,85300,86100,6055,85128
2016-03-04,85900,86400,85000,85400,13694,84436
2016-03-07,85400,86200,85100,85700,8136,84733
2016-03-08,85300,86200,84300,84700,8620,83744
2016-03-09,84400,85800,84400,85300,7050,84337
2016-03-10,87000,87400,85300,85900,10742,84931
2016-03-11,85500,86400,83500,85700,13733,84733
2016-03-14,85700,85700,83100,83200,14955,82261
2016-03-15,83200,84000,80600,81700,11252,80778
2016-03-16,81900,82900,81900,82200,7020,81272
2016-03-17,82200,84100,82100,83600,12456,82657
2016-03-18,82700,87200,82700,86900,23740,85919
2016-03-21,88400,90200,88100,88600,17755,87600
2016-03-22,88100,89000,87500,87500,8478,86513
2016-03-23,88300,89000,87400,88000,6077,87007
2016-03-24,88000,88900,87900,88000,7967,87007
2016-03-25,88700,88800,87800,88100,4897,87106
2016-03-28,88000,90000,87900,89900,10726,88886
2016-03-29,90000,90200,88700,89600,5710,88589
2016-03-30,89900,92900,88400,90800,21857,89775
2016-03-31,90800,92500,90600,91600,13838,90566
2016-04-01,92800,92800,89100,92000,9834,90962
2016-04-04,90200,92900,90100,90600,7875,89578
2016-04-05,90000,91500,89700,90600,6315,89578
2016-04-06,89700,91200,86900,87000,28905,86018
2016-04-07,87000,88000,83600,87000,38767,86018
2016-04-08,86300,86900,83600,84600,19803,83645
2016-04-11,83600,84600,82500,84000,19324,83052
2016-04-12,83500,84900,83500,84800,8721,83843
2016-04-14,84800,85100,83800,85000,8484,84041
2016-04-15,84300,85300,84300,85300,8744,84337
2016-04-18,85000,88200,83900,88200,23187,87205
2016-04-19,89000,90700,88600,90200,33344,89182
2016-04-20,89800,89900,88900,89200,23915,88193
2016-04-21,89200,90000,89000,90000,14444,88984
2016-04-22,89000,89700,87900,88700,14371,87699
2016-04-25,88000,88800,87300,87700,6708,86710
2016-04-26,87800,88000,85400,86100,17285,85128
2016-04-27,86100,86500,85400,86000,11131,85030
2016-04-28,85900,89400,85900,89100,19088,88095
2016-04-29,89000,89500,87600,89000,9755,87996
2016-05-02,88200,88800,87500,88100,6781,87106
2016-05-03,88100,89100,87200,88800,8265,87798
2016-05-04,87700,88700,87600,88100,8442,87106
2016-05-09,88100,90100,87600,88800,12775,87798
2016-05-10,89900,89900,88100,89300,14060,88292
2016-05-11,89100,89300,88100,88600,10835,87600
2016-05-12,87700,88300,87400,88200,9604,87205
2016-05-13,88800,91500,87600,91400,34884,90369
2016-05-16,90900,92400,89600,90200,10984,89182
2016-05-17,90100,90100,87600,88300,10303,87304
2016-05-18,88400,89400,88300,88500,12411,87501
2016-05-19,88300,89000,87500,87800,17979,86809
2016-05-20,87600,88700,87400,88300,8393,87304
2016-05-23,88300,88300,86800,87900,7314,86908
2016-05-24,87900,88700,87200,88000,9441,87007
2016-05-25,88100,90200,87400,90100,16139,89083
2016-05-26,89600,91300,89600,90900,12821,89874
2016-05-27,90700,91400,90200,91200,7568,90171
2016-05-30,91200,91900,89900,90500,8641,89479
2016-05-31,90300,91300,89000,90200,7135,89182
2016-06-01,90100,90600,89200,90000,7055,88984
2016-06-02,89600,90500,89600,89900,4726,88886
2016-06-03,89200,90600,88600,88800,16836,87798
2016-06-07,88800,88800,87300,88200,7627,87205
2016-06-08,88000,88000,86800,87200,12991,86216
2016-06-09,87500,87700,86400,87100,27726,86117
2016-06-10,87000,87700,86100,86200,23759,85227
2016-06-13,86200,87000,85100,85300,13661,84337
2016-06-14,86000,86500,85000,86500,17722,85524
2016-06-15,85600,86800,85300,86300,9636,85326
2016-06-16,85700,86500,85400,85800,10122,84832
2016-06-17,85600,87000,85500,85700,7725,84733
2016-06-20,86800,86800,84500,85000,7515,84041
2016-06-21,84500,85800,83500,83900,9515,82953
2016-06-22,83800,84700,82000,82400,18067,81470
2016-06-23,82300,82900,82100,82200,5673,81272
2016-06-24,82400,82700,78000,78500,26167,77614
2016-06-27,78400,83000,77300,82800,15626,81866
2016-06-28,82800,82800,79200,79900,25096,78998
2016-06-29,80400,82900,79000,81600,11041,80679
2016-06-30,81000,83600,81000,83300,9497,82360
2016-07-01,82700,84400,82700,83700,7134,82756
2016-07-04,83000,85300,83000,84300,7456,83349
2016-07-05,83800,84800,83800,84100,4835,83151
2016-07-06,84200,85200,83900,84300,6926,83349
2016-07-07,84300,85800,84000,84900,4090,83942
2016-07-08,84200,86300,83700,84800,5855,83843
2016-07-11,85500,85600,83600,84000,5910,83052
2016-07-12,83700,85600,83600,85300,12712,84337
2016-07-13,85500,85800,83300,83300,11975,82360
2016-07-14,83700,84200,81800,82200,6494,81272
2016-07-15,82700,83900,81800,83700,11247,82756
2016-07-18,83100,84800,83100,83800,10105,82854
2016-07-19,83400,83900,83000,83100,8199,82162
2016-07-20,82500,83900,82500,82700,4943,81767
2016-07-21,82700,83400,82500,83100,4511,82162
2016-07-22,83200,84000,82500,83500,8839,82558
2016-07-25,82900,84400,81000,82100,17052,81174
2016-07-26,82100,82300,80800,81000,10409,80086
2016-07-27,81000,82600,80700,81000,9595,80086
2016-07-28,81100,81600,80600,81000,6271,80086
2016-07-29,81000,82600,80700,82600,10757,81668
2016-08-01,82600,83100,81700,81800,8038,80877
2016-08-02,81800,82400,81200,82200,5394,81272
2016-08-03,81100,81900,79200,79300,12170,78405
2016-08-04,80300,80300,78800,79800,7264,78900
2016-08-05,79400,81000,78500,79800,6527,78900
2016-08-08,79300,80600,78500,78900,5699,78010
2016-08-09,79000,79800,78000,78500,6386,77614
2016-08-10,78300,78700,77200,78300,23377,77416
2016-08-11,78700,79000,77900,79000,12907,78109
2016-08-12,78600,80600,78400,79800,8039,78900
2016-08-16,79800,80500,78300,79000,5525,78109
2016-08-17,79000,79000,77400,78500,10581,77614
2016-08-18,78500,78500,76500,77100,15366,76230
2016-08-19,77100,77100,75300,75800,17461,74945
2016-08-22,75500,75600,73500,74900,13557,74055
2016-08-23,74700,74700,72600,73000,15279,72176
2016-08-24,72800,74500,72800,74200,4818,73363
2016-08-25,74800,76700,73300,74100,13727,73264
2016-08-26,74800,74800,73400,74000,2618,73165
2016-08-29,74000,77000,73000,77000,11082,76131
2016-08-30,76500,77000,73700,73700,10249,72868
2016-08-31,74000,74200,71900,72500,19997,71682
2016-09-01,73400,73500,71200,73300,10853,72473
2016-09-02,72800,73500,72400,73000,3677,72176
2016-09-05,73000,74400,72500,74300,8369,73462
2016-09-06,73500,74500,71800,72800,12443,71978
2016-09-07,72400,73200,71400,71500,7483,70693
2016-09-08,71100,72500,70800,71300,7322,70495
2016-09-09,71100,72100,71100,72100,7560,71286
2016-09-12,70400,72500,70000,72000,8929,71187
2016-09-13,72300,72300,70200,70800,9100,70001
2016-09-19,70800,71600,70600,71600,2522,70792
2016-09-20,70600,71400,70600,70800,6320,70001
2016-09-21,70700,72900,70600,72800,6588,71978
2016-09-22,72900,73700,72000,72400,5631,71583
2016-09-23,73500,74100,72200,72700,6650,71880
2016-09-26,73500,73700,72600,73100,3166,72275
2016-09-27,72300,73100,71400,72400,3698,71583
2016-09-28,72000,72800,71900,72400,3609,71583
2016-09-29,72200,72900,71600,72100,11223,71286
2016-09-30,71800,72900,71800,72800,3851,71978
2016-10-04,72800,73900,72800,72800,4441,71978
2016-10-05,72700,72700,71900,72400,14674,71583
2016-10-06,72100,73000,72000,72400,2726,71583
2016-10-07,72200,72600,71300,72200,4628,71385
2016-10-10,71600,73100,71600,72500,4448,71682
2016-10-11,72400,73600,72300,72800,5978,71978
2016-10-12,72800,73400,71700,72100,7339,71286
2016-10-13,72000,73500,71800,72600,14073,71781
2016-10-14,73200,73600,72500,72800,14248,71978
2016-10-17,72800,73300,71200,71400,7727,70594
2016-10-18,72300,72300,69000,69200,15533,68419
2016-10-19,69800,69800,67300,67300,9995,66540
2016-10-20,67300,67400,65700,65900,9305,65156
2016-10-21,65900,65900,63900,64200,11027,63475
2016-10-24,64300,64900,63100,63900,9672,63179
2016-10-25,63900,64000,61800,61900,8339,61201
2016-10-26,62400,63200,60800,61200,9306,60509
2016-10-27,60300,62000,60300,61800,12493,61103
2016-10-28,61300,61900,60100,60700,12692,60015
2016-10-31,60700,60700,59900,60000,17693,59323
2016-11-01,60100,60200,58400,58900,15983,58235
2016-11-02,58500,59100,56700,56900,16645,56258
2016-11-03,56600,58200,56400,57800,10074,57148
2016-11-04,58000,58300,56800,57000,3788,56357
2016-11-07,58200,58200,57000,57700,8268,57049
2016-11-08,59300,59800,57600,59400,16896,58730
2016-11-09,60000,60000,54600,55800,18389,55170
2016-11-10,56400,58400,56200,58200,16846,57543
2016-11-11,58700,60500,58300,60400,13800,59718
2016-11-14,60500,63200,60300,63100,20930,62388
2016-11-15,61900,64200,61600,63800,37335,63080
2016-11-16,64100,65400,62500,65400,14241,64662
2016-11-17,65500,67000,63700,67000,12119,66244
2016-11-18,65500,67400,65400,67200,7480,66442
2016-11-21,67600,68000,65500,67500,12278,66738
2016-11-22,65900,67000,64400,66600,27140,65848
2016-11-23,66900,67000,65400,66000,12235,65255
2016-11-24,65000,65900,63000,64200,17917,63475
2016-11-25,63200,64500,62600,63500,8862,62783
2016-11-28,63500,63500,61500,62500,7649,61795
2016-11-29,62600,66000,62600,64600,11791,63871
2016-11-30,64700,64700,61300,61900,26222,61201
2016-12-01,61000,63900,60800,62700,8679,61992
2016-12-02,61800,62800,61100,62500,6149,61795
2016-12-05,61300,63300,61300,62600,6921,61893
2016-12-06,62000,62800,61300,61900,5662,61201
2016-12-07,62300,62800,60100,61000,5044,60312
2016-12-08,60300,62400,60300,62400,7177,61696
2016-12-09,62000,63600,61700,62700,6967,61992
2016-12-12,63300,63700,62400,63700,6770,62981
2016-12-13,64400,64400,62100,62100,11365,61399
2016-12-14,62600,62600,61400,62200,7048,61498
2016-12-15,61700,62900,61500,62400,7971,61696
2016-12-16,61900,62400,61200,61800,9424,61103
2016-12-19,62100,62500,61300,62500,3605,61795
2016-12-20,62100,63700,62000,62000,8144,61300
2016-12-21,62600,62800,61900,62300,2881,61597
2016-12-22,62500,63600,62300,63500,6216,62783
2016-12-23,63500,67800,63500,64800,16033,64069
2016-12-26,64800,66900,64800,66500,12364,65750
2016-12-27,67300,67300,65900,66500,8824,65750
2016-12-28,65500,67200,65500,66200,11324,66200
2016-12-29,66800,67300,66300,67000,14290,67000
2017-01-02,67000,68300,67000,67700,12062,67700
2017-01-03,67700,67900,66500,67800,8020,67800
2017-01-04,67100,68000,66900,67600,10415,67600
2017-01-05,67000,68100,67000,67800,9206,67800
2017-01-06,67900,68100,66600,67600,8832,67600
2017-01-09,67100,68000,66700,66900,5678,66900
2017-01-10,66300,67700,65700,67100,7816,67100
2017-01-11,66500,67500,66300,67100,4608,67100
2017-01-12,67800,68100,67200,68000,7263,68000
2017-01-13,68300,68300,67000,67600,10426,67600
2017-01-16,68400,68700,66600,68300,5013,68300
2017-01-17,68500,69000,67200,68900,4762,68900
2017-01-18,69200,69200,67200,68800,6950,68800
2017-01-19,68900,69000,66700,67800,10476,67800
2017-01-20,67800,67800,66500,67000,5719,67000
2017-01-23,67200,68200,66000,66800,6357,66800
2017-01-24,67700,67700,65000,66000,8963,66000
2017-01-25,66600,66600,65100,65900,3909,65900
2017-01-26,66500,66500,64900,66100,2817,66100
2017-01-31,66100,67800,65000,67800,4528,67800
2017-02-01,68300,68900,67700,68600,7842,68600
2017-02-02,67500,69000,67400,68600,5595,68600
2017-02-03,68600,69300,67500,69000,11875,69000
2017-02-06,69500,71900,69000,70900,15836,70900
2017-02-07,71600,71600,69900,71400,4107,71400
2017-02-08,70700,71900,70100,70900,10948,70900
2017-02-09,71700,71900,70100,70800,6807,70800
2017-02-10,70800,71100,69100,70200,8757,70200
2017-02-13,70200,71000,70200,70700,4248,70700
2017-02-14,71000,71500,70400,70900,5199,70900
2017-02-15,70300,71700,70300,71600,5498,71600
2017-02-16,71900,71900,70300,71000,3748,71000
2017-02-17,70400,71300,70000,70700,4895,70700
2017-02-20,70500,71100,69800,70600,3836,70600
2017-02-21,70000,71100,70000,70800,6508,70800
2017-02-22,70900,70900,68400,69000,29796,69000
2017-02-23,69200,70100,69100,70000,3591,70000
2017-02-24,69300,70900,69300,69900,5149,69900
2017-02-27,70000,70900,69600,70100,2613,70100
2017-02-28,70600,70600,67600,67800,14402,67800
2017-03-02,67800,69400,65800,66000,18756,66000
2017-03-03,66000,67300,65600,66100,5787,66100
2017-03-06,65700,66700,65500,66100,3873,66100
2017-03-07,66700,66800,65500,66100,3931,66100
2017-03-08,65600,66400,65400,66400,4939,66400
2017-03-09,66100,66500,65500,66000,4600,66000
2017-03-10,66000,66100,63600,65200,12409,65200
2017-03-13,64800,65000,62900,63000,14461,63000
2017-03-14,63000,63500,62100,63000,7181,63000
2017-03-15,63000,63500,62200,62400,7400,62400
2017-03-16,62100,63300,61300,62000,9433,62000
2017-03-17,61900,61900,59900,60500,13055,60500
2017-03-20,60600,60700,59800,60000,5130,60000
2017-03-21,60200,60200,57900,58100,16662,58100
2017-03-22,58100,59300,57900,59300,9805,59300
2017-03-23,59400,60000,58200,59100,7638,59100
2017-03-24,59600,60900,59100,60400,10824,60400
2017-03-27,60200,60700,58200,60700,8624,60700
2017-03-28,60000,60400,59600,60100,7019,60100
2017-03-29,59100,60000,58600,59500,9213,59500
2017-03-30,59500,59500,58000,58700,24394,58700
2017-03-31,58600,59200,58500,58500,6985,58500
2017-04-03,59000,59300,58100,58300,8186,58300
2017-04-04,58300,59000,58200,58200,7460,58200
2017-04-05,58700,58700,58000,58300,9701,58300
2017-04-06,58100,58100,57200,57700,11433,57700
2017-04-07,57400,57800,56500,56700,22859,56700
2017-04-10,57300,57300,55300,55800,14626,55800
2017-04-11,55200,56400,55200,55400,7155,55400
2017-04-12,55400,56400,55100,55800,9301,55800
2017-04-13,56300,58500,56200,58200,11688,58200
2017-04-14,58300,58300,55500,55800,14478,55800
2017-04-17,55800,57300,55800,57300,8173,57300
2017-04-18,57400,57500,56700,57400,6688,57400
2017-04-19,57000,58500,57000,58400,11878,58400
2017-04-20,58400,59500,58000,58500,9399,58500
2017-04-21,58600,59300,58100,58600,6146,58600
2017-04-24,58300,59000,58000,58500,6660,58500
2017-04-25,58000,58900,57800,58800,7430,58800
2017-04-26,58700,60100,58700,59200,10944,59200
2017-04-27,59200,59700,58700,59200,10091,59200
2017-04-28,58800,59200,58300,59100,8836,59100
2017-05-02,59100,59800,58400,59000,4732,59000
2017-05-04,59000,59100,58200,59100,5768,59100
2017-05-08,59100,59900,59000,59700,10401,59700
2017-05-10,60300,61300,59100,59500,16054,59500
2017-05-11,59800,60200,58700,59800,11828,59800
2017-05-12,59800,59800,58400,58400,7981,58400
2017-05-15,58000,58500,57300,57800,13111,57800
2017-05-16,57900,58400,57600,58000,6039,58000
2017-05-17,57300,57900,56800,57000,10362,57000
2017-05-18,57400,57400,55700,56000,27554,56000
2017-05-19,56200,56800,55600,55800,11920,55800
2017-05-22,56400,57700,56000,56600,14357,56600
2017-05-23,56600,58400,56600,58200,13515,58200
2017-05-24,58300,59500,58200,58900,18569,58900
2017-05-25,58900,61000,58900,60900,13726,60900
2017-05-26,60500,61500,60500,61300,11756,61300
2017-05-29,61500,62500,61300,62100,11139,62100
2017-05-30,62400,63200,62400,63100,16675,63100
2017-05-31,63300,65000,63100,65000,23875,65000
2017-06-01,65000,65200,63900,64000,18195,64000
2017-06-02,64000,64500,63100,63700,10974,63700
2017-06-05,63800,64400,62200,62900,14100,62900
2017-06-07,62900,63800,62100,63500,15209,63500
2017-06-08,63800,66300,63400,66300,91621,66300
2017-06-09,66300,67600,65900,67600,28023,67600
2017-06-12,68500,68500,66600,67900,18532,67900
2017-06-13,67200,68100,66700,67200,12575,67200
2017-06-14,67700,67800,65800,66400,7149,66400
2017-06-15,67000,67000,65500,67000,10562,67000
2017-06-16,66400,67000,66400,66500,8462,66500
2017-06-19,66200,66900,65000,66600,8190,66600
2017-06-20,65500,66400,65100,66000,10558,66000
2017-06-21,65100,65800,64800,65600,6943,65600
2017-06-22,65100,65100,64100,64300,6147,64300
2017-06-23,63300,64300,63000,63700,2191,63700
2017-06-26,63700,63800,61400,62200,7141,62200
2017-06-27,62300,62500,61400,62200,5610,62200
2017-06-28,62200,62700,62000,62200,7727,62200
2017-06-29,62900,65400,62200,62400,12884,62400
2017-06-30,62100,62700,61700,62700,5053,62700
2017-07-03,61700,62300,61700,62000,3712,62000
2017-07-04,62000,62500,61500,62000,3356,62000
2017-07-05,62000,62900,61500,62100,3690,62100
2017-07-06,62100,62200,60500,61300,5053,61300
2017-07-07,61200,61200,59900,60100,4650,60100
2017-07-10,60300,60300,58100,60300,8716,60300
2017-07-11,59800,60600,59700,60100,2640,60100
2017-07-12,59500,60000,59100,59500,4086,59500
2017-07-13,59600,60000,58500,58800,4330,58800
2017-07-14,58800,59000,58300,58700,7054,58700
2017-07-17,58200,59000,58200,58700,4311,58700
2017-07-18,58200,59000,58200,58300,6238,58300
2017-07-19,58300,59100,58300,58900,6017,58900
2017-07-20,59300,59300,58200,58900,8112,58900
2017-07-21,58400,59300,58000,59300,8243,59300
2017-07-24,59900,59900,58300,58500,10527,58500
2017-07-25,58800,58800,56600,56600,18934,56600
2017-07-26,56800,57200,55900,57200,10932,57200
2017-07-27,56600,57400,56500,57100,14099,57100
2017-07-28,57400,57400,56000,56100,16540,56100
2017-07-31,56100,56600,55400,56500,7885,56500
2017-08-01,56100,57400,55700,57400,13376,57400
2017-08-02,57500,58100,56900,57900,8332,57900
2017-08-03,57800,58200,56400,57800,10798,57800
2017-08-04,57800,58100,56000,57000,17459,57000
2017-08-07,57000,57200,56400,56900,7906,56900
2017-08-08,57200,57200,55800,56800,17711,56800
2017-08-09,56500,57100,56200,56600,3852,56600
2017-08-10,56600,56600,55100,55800,14319,55800
2017-08-11,54600,56000,54000,55000,7921,55000
2017-08-14,55300,55300,53800,54300,7182,54300
2017-08-16,54300,54300,51900,52600,17665,52600
2017-08-17,53000,53000,50500,51400,18289,51400
2017-08-18,51000,51900,50400,51900,8033,51900
2017-08-21,51600,51800,50600,51200,9724,51200
2017-08-22,51500,54200,50800,52600,11365,52600
2017-08-23,52100,52500,51000,51100,13222,51100
2017-08-24,51100,51500,50700,51100,8992,51100
2017-08-25,51000,51300,50300,50700,6980,50700
2017-08-28,50900,51700,50200,51300,10700,51300
2017-08-29,51500,51600,50500,51400,7454,51400
2017-08-30,51300,52100,50900,51800,4728,51800
2017-08-31,52100,52700,51100,52700,5598,52700
2017-09-01,52600,53100,51900,52900,3742,52900
2017-09-04,51500,52900,51100,52000,3503,52000
2017-09-05,52000,52100,51000,52100,3684,52100
2017-09-06,52100,52200,49900,51100,11216,51100
2017-09-07,50700,51200,49950,50600,8072,50600
2017-09-08,50300,50700,49700,49750,6949,49750
2017-09-11,50000,50000,47800,47900,15792,47900
2017-09-12,47800,48000,45350,45900,22561,45900
2017-09-13,46200,46800,44800,45600,18772,45600
2017-09-14,45600,45600,42800,44000,16183,44000
2017-09-15,43950,49400,43800,48550,41559,48550
2017-09-18,48000,49550,47950,49450,26181,49450
2017-09-19,49300,50000,45000,47700,22386,47700
2017-09-20,47350,48000,47050,47600,2404,47600
2017-09-21,47100,47900,46550,47900,5751,47900
2017-09-25,47900,48000,44600,44700,20034,44700
2017-09-26,44700,44700,44700,44700,0,44700
2017-09-27,45150,45750,44650,45750,10528,45750
2017-09-28,45500,46750,44700,46000,5496,46000
2017-09-29,46000,47000,45900,46950,5245,46950
2017-10-10,46950,47350,46100,46800,7034,46800
2017-10-11,46800,49050,46400,49050,14524,49050
2017-10-12,49200,50000,47600,48700,15811,48700
2017-10-13,48600,50000,47450,48500,19464,48500
2017-10-16,48200,49000,47650,49000,4322,49000
2017-10-17,49000,49250,47800,48200,6336,48200
2017-10-18,48200,49050,47700,47850,8805,47850
2017-10-19,48100,48100,47400,48100,5447,48100
2017-10-20,48000,48400,47550,48400,8220,48400
2017-10-23,48500,49150,47700,48700,10554,48700
2017-10-24,48700,48750,47950,48350,11571,48350
2017-10-25,48600,48750,47950,48550,11786,48550
2017-10-26,48550,48750,47600,48700,7975,48700
2017-10-27,48600,53400,48600,50900,20778,50900
2017-10-30,50900,51600,49500,50500,14117,50500
2017-10-31,49700,50400,49700,50400,7597,50400
2017-11-01,50400,50900,49700,50600,3784,50600
2017-11-02,50900,51100,49850,51100,11056,51100
2017-11-03,51500,51500,50000,50400,7121,50400
2017-11-06,50000,50800,49950,50600,4907,50600
2017-11-07,51100,51100,50200,50800,4214,50800
2017-11-08,51000,51400,50000,50500,5348,50500
2017-11-09,50200,51600,50100,51400,11694,51400
2017-11-10,51700,51700,50400,51200,9313,51200
2017-11-13,51100,51100,50100,50900,9830,50900
2017-11-14,50900,50900,49650,50000,13832,50000
2017-11-15,50000,51100,49750,50000,11350,50000
2017-11-16,50100,50700,49900,49950,7972,49950
2017-11-17,50600,50600,49000,49900,14294,49900
2017-11-20,49950,50500,48000,48000,14315,48000
2017-11-21,48250,48250,46000,46500,17437,46500
2017-11-22,46300,46300,45300,45300,17173,45300
2017-11-23,45250,45550,44600,44900,15718,44900
2017-11-24,45250,45250,44400,44850,11538,44850
2017-11-27,45000,45650,44350,44950,11267,44950
2017-11-28,44950,45300,44400,44800,17742,44800
2017-11-29,44450,44900,44450,44600,7195,44600
2017-11-30,44850,45600,44150,44150,45579,44150
2017-12-01,44400,44800,44150,44750,8913,44750
2017-12-04,44750,46350,44750,45500,27265,45500
2017-12-05,45550,45900,45000,45750,7547,45750
2017-12-06,45550,46200,44200,44800,35255,44800
2017-12-07,44800,45100,44150,44800,7294,44800
2017-12-08,44450,44850,43800,43900,13494,43900
2017-12-11,43800,44300,43350,44150,12691,44150
2017-12-12,44250,44750,43900,44200,5587,44200
2017-12-13,43650,44050,43400,43900,8227,43900
2017-12-14,43900,44600,43600,44600,7361,44600
2017-12-15,44300,44500,43750,44500,12928,44500
2017-12-18,44150,44400,43750,44000,11104,44000
2017-12-19,44300,44300,43000,43000,14950,43000
2017-12-21,43000,43000,41850,41950,5374,41950
2017-12-22,42400,43550,42000,43500,9811,43500
2017-12-26,43500,45300,43450,44950,14980,44950
2017-12-27,0,0,0,0,0,0
2017-12-28,44000,44200,43550,43700,2807,43700
2018-01-02,44000,44000,42900,43400,3714,43400
2018-01-03,43350,43400,42950,43050,7031,43050
2018-01-04,43400,43400,42500,42600,3123,42600
2018-01-05,43950,43950,42450,42800,6181,42800
2018-01-08,42950,42950,41900,42500,7974,42500
2018-01-09,42550,42550,41700,41750,10435,41750
2018-01-10,42100,42100,41450,41850,11239,41850
2018-01-11,41800,42050,41800,41850,5759,41850
2018-01-12,42100,42300,41500,41850,9320,41850
2018-01-15,41750,42150,40200,40900,25852,40900
2018-01-16,41650,41650,40300,41200,11472,41200
2018-01-17,41150,41350,40500,41150,7015,41150
2018-01-18,41100,41400,40650,41250,3116,41250
2018-01-19,41250,41500,40850,41300,5500,41300
2018-01-22,41300,43100,41250,42800,16848,42800
2018-01-23,43250,44250,42800,43250,22641,43250
2018-01-24,43150,44100,42750,43800,21294,43800
2018-01-25,43850,44350,43700,44000,11808,44000
2018-01-26,44000,49000,43950,48750,87999,48750
2018-01-29,49400,52000,49350,50000,80714,50000
2018-01-30,50000,50100,49300,49800,20094,49800
2018-01-31,49800,50200,48100,50200,29212,50200
2018-02-01,50200,54000,50000,53400,63315,53400
2018-02-02,53500,54000,51900,53400,40720,53400
2018-02-05,52100,54000,51800,51800,20392,51800
2018-02-06,50100,51500,48250,50100,37365,50100
2018-02-07,50300,51700,48250,48500,37449,48500
2018-02-08,48550,49300,48300,49100,11833,49100
2018-02-09,47450,48150,47300,47700,15237,47700
2018-02-12,46000,47900,45100,47800,22561,47800
2018-02-13,48000,48000,46100,46500,15451,46500
2018-02-14,47100,53000,47100,50000,118235,50000
2018-02-15,50000,50000,50000,50000,0,50000
2018-02-16,50000,50000,50000,50000,0,50000
2018-02-19,50500,51000,49050,49600,35700,49600
2018-02-20,48800,49650,48550,49000,27568,49000
2018-02-21,48400,49400,48400,49350,15845,49350
2018-02-22,49500,50000,48750,49100,14233,49100
2018-02-23,49500,49500,47900,49450,15770,49450
2018-02-26,49450,49600,47750,48250,14861,48250
2018-02-27,48650,50800,48200,50600,26677,50600
2018-02-28,50600,54000,50000,53400,48115,53400
2018-03-02,53100,56800,52000,56600,57618,56600
2018-03-05,56600,58100,54600,57400,30531,57400
2018-03-06,56800,57300,55900,57000,14551,57000
2018-03-07,56000,58900,56000,58500,26759,58500
2018-03-08,58500,60000,57000,58000,28408,58000
2018-03-09,57300,60200,57300,58300,50484,58300
2018-03-12,59000,59800,58000,58000,36364,58000
2018-03-13,58600,58900,56800,57700,34637,57700
2018-03-14,57300,58600,56600,58500,28704,58500
2018-03-15,57300,58400,56600,58100,18861,58100
2018-03-16,60000,60000,57000,58000,35154,58000
2018-03-19,57400,59800,57400,59800,18595,59800
2018-03-20,60000,61400,58800,61000,28484,61000
2018-03-21,61000,61800,59500,61800,17297,61800
2018-03-22,61800,61900,60800,61200,9952,61200
2018-03-23,58700,61000,58700,59200,20959,59200
2018-03-26,58500,59500,56800,57300,44418,57300
2018-03-27,57800,58400,56200,58300,8482,58300
2018-03-28,57800,58300,55800,57600,20352,57600
2018-03-29,57600,57600,57600,57600,0,57600
2018-03-30,57600,57600,57600,57600,0,57600
2018-04-02,43350,47000,40400,40400,441518,40400
2018-04-03,38950,41350,36350,39150,520233,39150
2018-04-04,40200,43350,40000,42300,218423,42300
2018-04-05,42650,43000,41050,41550,78398,41550
2018-04-06,41900,42300,40950,41450,62605,41450
2018-04-09,41450,41850,39950,40550,56678,40550
2018-04-10,40050,40700,38850,39200,62402,39200
2018-04-11,39650,40550,39350,40200,36134,40200
2018-04-12,40150,41200,40150,41000,33978,41000
2018-04-13,41300,42150,41250,41800,36251,41800
2018-04-16,41800,41800,41000,41200,19615,41200
2018-04-17,41850,41950,41250,41550,20238,41550
2018-04-18,42100,42150,41650,41900,17875,41900
2018-04-19,41950,42900,41900,42650,40755,42650
2018-04-20,42700,44750,42700,44650,45655,44650
2018-04-23,44650,46800,44400,46500,57149,46500
2018-04-24,46500,47100,45150,45900,30235,45900
2018-04-25,45700,46200,44600,45350,27659,45350
2018-04-26,45650,45650,44200,44600,19900,44600
2018-04-27,44100,44600,43850,44200,17029,44200
2018-04-30,43800,44200,42500,43600,26995,43600
2018-05-02,43600,43600,41600,43450,26046,43450
2018-05-03,43450,43450,42450,42700,8329,42700
2018-05-04,42700,42700,41600,41650,21440,41650
2018-05-08,42000,43350,42000,42250,15535,42250
2018-05-09,42550,42700,41000,42650,20007,42650
2018-05-10,42100,42700,41500,42150,19878,42150
2018-05-11,42350,42600,41500,42400,12990,42400
2018-05-14,42700,42700,41550,42200,15027,42200
2018-05-15,42200,42850,41800,42000,23765,42000
2018-05-16,41200,41400,40050,40650,26508,40650
2018-05-17,40650,41650,40650,41300,12176,41300
2018-05-18,41500,42700,41300,42000,19967,42000
2018-05-21,42500,42700,41900,42400,10705,42400
2018-05-23,42800,43450,42350,42700,16829,42700
2018-05-24,42700,42900,41300,41500,11093,41500
2018-05-25,41650,41850,40300,41250,8904,41250
2018-05-28,40850,41600,40850,41150,13331,41150
2018-05-29,41800,42250,41150,41700,11184,41700
2018-05-30,41800,41900,41150,41250,11602,41250
2018-05-31,41500,41650,40950,41250,15354,41250
2018-06-01,41250,41700,40900,41700,16018,41700
2018-06-04,42000,43850,41700,43750,35798,43750
2018-06-05,44100,44100,42950,43800,18160,43800
2018-06-07,44250,45350,43850,45200,33581,45200
2018-06-08,45450,45650,44100,44700,15591,44700
2018-06-11,45600,45600,43450,44100,20980,44100
2018-06-12,44600,44600,43350,43500,4489,43500
2018-06-14,43600,43800,42000,42450,13503,42450
2018-06-15,42700,42700,41950,42400,10720,42400
2018-06-18,42500,42550,40250,40750,30675,40750
2018-06-19,40950,40950,39000,39450,21340,39450
2018-06-20,39550,40050,39000,40050,12882,40050
2018-06-21,40200,40200,38900,39750,7878,39750
2018-06-22,39800,40850,39350,40750,13020,40750
2018-06-25,40250,41100,40250,41100,7259,41100
2018-06-26,41150,41350,40200,41200,10523,41200
2018-06-27,41500,41950,41050,41500,6293,41500
2018-06-28,41250,43400,40650,42500,18743,42500
2018-06-29,43000,43100,41700,43000,13786,43000
2018-07-02,43000,43000,40700,41450,14873,41450
2018-07-03,42100,42100,40450,41450,13783,41450
2018-07-04,41450,42100,40600,41500,6004,41500
2018-07-05,42100,42100,40600,41700,8189,41700
2018-07-06,41750,42000,40400,40900,8967,40900
2018-07-09,41500,41500,40100,40600,9634,40600
2018-07-10,40300,41000,40200,40550,6055,40550
2018-07-11,40950,40950,39600,40100,13747,40100
2018-07-12,40350,40350,39900,40150,2680,40150
2018-07-13,40450,40450,39550,39650,11886,39650
2018-07-16,40000,40000,39250,39350,8090,39350
2018-07-17,39350,40250,39150,40250,13181,40250
2018-07-18,40350,41400,40000,40650,15207,40650
2018-07-19,40750,41100,40450,40700,4714,40700
2018-07-20,40500,41100,40050,40400,8329,40400
2018-07-23,40500,40950,39050,39850,6814,39850
2018-07-24,39850,39850,39100,39450,5585,39450
2018-07-25,39550,39650,38900,39450,4797,39450
2018-07-26,39750,39750,39050,39250,3900,39250
2018-07-27,39300,39900,38900,39500,6563,39500
2018-07-30,39500,39950,39250,39450,3160,39450
2018-07-31,39600,39600,39100,39450,7789,39450
2018-08-01,39550,39600,38000,38800,20510,38800
2018-08-02,38900,39300,35650,36900,48187,36900
2018-08-03,37150,37950,36900,37950,13616,37950
2018-08-06,37400,38450,37400,38000,7501,38000
2018-08-07,38000,38150,37500,38000,7567,38000
2018-08-08,38450,38500,37600,38150,5933,38150
2018-08-09,38150,38250,37700,38250,4719,38250
2018-08-10,38200,38300,37800,37900,8117,37900
2018-08-13,37950,37950,37250,37450,10588,37450
2018-08-14,38250,38250,37300,37400,6770,37400
2018-08-16,36950,37400,34050,35650,22688,35650
2018-08-17,35850,36500,35600,35650,8490,35650
2018-08-20,35050,35600,34200,34450,20701,34450
2018-08-21,34200,34650,33450,33850,16555,33850
2018-08-22,33950,35400,33450,35400,12634,35400
2018-08-23,35200,36200,35100,36000,8403,36000
2018-08-24,36250,36800,35900,36500,11209,36500
2018-08-27,36900,36900,36450,36550,4082,36550
2018-08-28,36700,36950,36250,36550,6364,36550
2018-08-29,36600,36900,36400,36450,2890,36450
2018-08-30,36850,36850,35750,36400,4747,36400
2018-08-31,36350,36350,35400,36000,4186,36000
2018-09-03,36400,36500,35350,35800,3525,35800
2018-09-04,35600,36000,35200,35600,6690,35600
2018-09-05,35900,35900,35200,35850,4813,35850
2018-09-06,36200,36200,35400,35700,3499,35700
2018-09-07,35500,35800,34750,35000,10443,35000
2018-09-10,35000,35000,33750,34950,9818,34950
2018-09-11,34900,35000,34300,34950,4220,34950
2018-09-12,35000,35950,31850,31850,73195,31850
2018-09-13,32200,32200,31300,31900,31171,31900
2018-09-14,32350,32500,31750,32000,14488,32000
2018-09-17,32200,32200,31600,32000,6138,32000
2018-09-18,31800,32250,31750,32150,5153,32150
2018-09-19,32350,32350,31850,32000,8694,32000
2018-09-20,32000,32000,31350,31500,9623,31500
2018-09-21,31700,31750,31000,31550,4166,31550
2018-09-27,31550,31550,30950,31000,11660,31000
2018-09-28,31050,32200,31000,32150,14909,32150
2018-10-01,32200,33500,32200,33400,25534,33400
2018-10-02,33200,35150,33200,35000,27565,35000
2018-10-04,35200,36000,34500,34900,13446,34900
2018-10-05,34900,35750,34700,35200,12507,35200
2018-10-08,35200,36950,34800,36600,22256,36600
2018-10-10,36700,37000,35500,36300,13968,36300
2018-10-11,36000,36350,34500,34800,13715,34800
2018-10-12,34800,35500,34550,34900,8478,34900
2018-10-15,35300,35300,34400,34750,5938,34750
2018-10-16,35400,35400,34450,34750,8452,34750
2018-10-17,34800,35200,34500,35050,5977,35050
2018-10-18,35100,35750,34950,35400,3391,35400
2018-10-19,35450,35450,34750,35250,2920,35250
2018-10-22,35250,35250,33900,34000,8082,34000
2018-10-23,34100,34200,33100,33500,6590,33500
2018-10-24,33500,34000,32750,32900,4568,32900
2018-10-25,31500,32700,31500,31750,1641,31750
2018-10-26,32500,32550,31050,31850,7360,31850
2018-10-29,31850,32300,29400,29800,8385,29800
2018-10-30,29750,29800,26600,27550,25977,27550
2018-10-31,29000,30400,27650,29100,18042,29100
2018-11-01,29100,30500,29100,29750,8241,29750
2018-11-02,30000,32150,30000,32100,11584,32100
2018-11-05,32500,35500,32500,35350,19932,35350
2018-11-06,35350,35350,33650,33700,14781,33700
2018-11-07,34000,34000,32400,32600,6940,32600
2018-11-08,33350,33350,31500,31750,6196,31750
2018-11-09,31650,31650,29900,30400,8638,30400
2018-11-12,30400,31200,30300,30500,3101,30500
2018-11-13,30500,30500,29000,29000,8193,29000
2018-11-14,29600,29600,28000,28450,14182,28450
2018-11-15,28450,28450,27050,28200,6056,28200
2018-11-16,28250,29000,28250,28450,7771,28450
2018-11-19,29000,29300,28550,28750,11070,28750
2018-11-20,29300,29300,28200,28350,6329,28350
2018-11-21,28300,28700,27850,28550,5756,28550
2018-11-22,28550,28700,28000,28450,6071,28450
2018-11-23,28450,28850,27650,28000,5223,28000
2018-11-26,28000,28800,27650,28450,3023,28450
2018-11-27,28950,29250,28400,28800,5263,28800
2018-11-28,28800,29450,28750,29050,7395,29050
2018-11-29,29550,29550,28850,29000,4222,29000
2018-11-30,29050,29350,28300,28550,3844,28550
2018-12-03,28600,28850,28050,28500,6185,28500
2018-12-04,29000,29050,28500,28700,4153,28700
2018-12-05,28700,29700,28400,29200,5696,29200
2018-12-06,29200,29500,28500,28750,4987,28750
2018-12-07,29150,29150,28550,29050,3520,29050
2018-12-10,29150,29150,27650,27900,16369,27900
2018-12-11,28450,28450,27650,27750,3593,27750
2018-12-12,28500,28500,27500,28000,4084,28000
2018-12-13,28000,28200,27650,28100,1282,28100
2018-12-14,28550,28550,27950,28150,1756,28150
2018-12-17,27600,28450,27600,28250,2726,28250
2018-12-18,28250,28250,27750,28200,3886,28200
2018-12-19,27700,29000,27700,28050,9937,28050
2018-12-20,28200,28200,27650,28000,5365,28000
2018-12-21,28000,28150,27600,28150,4297,28150
2018-12-24,28150,28200,27600,28200,3290,28200
2018-12-26,27700,28250,27700,28250,3821,28250
2018-12-27,27800,28550,27800,28300,1079,28300
2018-12-28,28400,29050,27950,28900,4794,28900
2019-01-02,29250,29600,28900,29200,3360,29200
2019-01-03,29200,29200,28550,28650,9227,28650
2019-01-04,28650,29850,28400,29300,9961,29300
2019-01-07,29650,29650,29300,29500,3198,29500
2019-01-08,29750,29800,28950,29350,10100,29350
2019-01-09,28950,29350,28950,29100,6884,29100
2019-01-10,29200,29600,28900,29500,5663,29500
2019-01-11,29500,31500,29400,31350,12465,31350
2019-01-14,31950,31950,30950,31450,7448,31450
2019-01-15,30600,31800,30600,31500,5609,31500
2019-01-16,31500,32600,31500,32000,8183,32000
2019-01-17,32750,32750,31950,32050,5386,32050
2019-01-18,31700,33250,31700,33150,12641,33150
2019-01-21,33000,33850,33000,33700,6609,33700
2019-01-22,33700,34050,33500,33850,6760,33850
2019-01-23,33900,34450,33550,34000,5720,34000
2019-01-24,34100,34250,33700,33950,3501,33950
2019-01-25,33950,34600,33950,34300,6878,34300
2019-01-28,34650,34700,33850,34300,5233,34300
2019-01-29,34000,34300,33300,34300,6806,34300
2019-01-30,34000,34500,34000,34350,4137,34350
2019-01-31,34400,34900,34350,34450,9912,34450
2019-02-01,34300,34700,34300,34450,3597,34450
2019-02-07,34050,34450,33950,34050,6337,34050
2019-02-08,33900,34400,33500,33750,8031,33750
2019-02-11,34000,34000,33500,33750,3275,33750
2019-02-12,33750,34000,33450,33900,9259,33900
2019-02-13,34100,35550,34100,35550,17208,35550
2019-02-14,36100,37750,35950,37600,41302,37600
2019-02-15,37500,39900,37000,37700,32383,37700
2019-02-18,37750,38400,37400,37800,13967,37800
2019-02-19,37800,38100,37650,38050,7060,38050
2019-02-20,38100,38600,38100,38300,14310,38300
2019-02-21,38500,39300,38450,38950,22988,38950
2019-02-22,39300,41500,39050,40900,41406,40900
2019-02-25,41400,42050,40300,42000,31815,42000
2019-02-26,42000,42600,41700,42000,23156,42000
2019-02-27,42100,42100,40200,40650,28228,40650
2019-02-28,40050,41000,39000,40450,46210,40450
2019-03-04,40450,41250,40200,40300,9834,40300
2019-03-05,40300,40450,39400,40450,10123,40450
2019-03-06,40300,40500,39400,39600,14976,39600
2019-03-07,38800,40000,38800,40000,5443,40000
2019-03-08,40150,40150,39750,40100,9024,40100
2019-03-11,40000,41400,40000,40700,13003,40700
2019-03-12,40700,41450,40500,41050,7721,41050
2019-03-13,41050,41850,40750,41200,8036,41200
2019-03-14,41400,41800,41050,41700,7883,41700
2019-03-15,41800,41900,41450,41800,14370,41800
2019-03-18,41500,42500,41050,41900,21518,41900
2019-03-19,42000,42000,41250,41400,17213,41400
2019-03-20,42950,42950,40400,40750,34304,40750
2019-03-21,41000,41000,39650,40200,11305,40200
2019-03-22,39300,40200,39100,39400,11661,39400
2019-03-25,39000,39850,38000,39000,20437,39000
2019-03-26,39200,39450,38150,39050,26823,39050
2019-03-27,39800,41500,39200,40950,20097,40950
2019-03-28,41200,41300,38850,39050,16931,39050
2019-03-29,39000,39300,38400,39000,8538,39000
2019-04-01,38000,39800,38000,39400,6757,39400
2019-04-02,39400,39850,39000,39400,19126,39400
2019-04-03,39400,39800,38950,39800,6618,39800
2019-04-04,39800,39800,39000,39400,5062,39400
2019-04-05,38900,39250,38500,39100,6829,39100
2019-04-08,39500,39700,39050,39100,6882,39100
2019-04-09,39100,39500,38750,39150,10915,39150
2019-04-10,39650,39650,38350,39150,7933,39150
2019-04-11,39900,40200,39400,39750,25596,39750
2019-04-12,40000,40050,39250,40000,10377,40000
2019-04-15,40100,41100,39750,40000,9870,40000
2019-04-16,39600,40050,38550,39200,20628,39200
2019-04-17,39200,40050,39200,39850,13818,39850
2019-04-18,39850,40250,39750,39900,6817,39900
2019-04-19,39750,40950,39600,40400,11944,40400
2019-04-22,40700,41000,40450,40800,13673,40800
2019-04-23,41100,42450,41000,42350,38659,42350
2019-04-24,42900,44250,42600,43300,42182,43300
2019-04-25,43300,43750,42600,43400,18247,43400
2019-04-26,43900,43900,42200,42550,12869,42550
2019-04-29,42400,42950,41600,42650,12213,42650
2019-04-30,43500,43950,42500,43050,23201,43050
2019-05-02,43050,43050,42100,42350,15005,42350
2019-05-03,42000,42800,41700,42200,9809,42200
2019-05-07,41100,41850,40700,41450,6238,41450
2019-05-08,41400,41800,40600,41100,6365,41100
2019-05-09,41200,41200,39700,39700,13154,39700
2019-05-10,39500,40150,39200,39950,6502,39950
2019-05-13,39300,39600,38700,38900,6067,38900
2019-05-14,39800,39800,37500,38850,8840,38850
2019-05-15,38900,40150,38500,38900,4835,38900
2019-05-16,0,0,0,0,0,0
2019-05-17,39650,40400,39050,39500,6238,39500
2019-05-20,39500,39600,38700,38900,6807,38900
2019-05-21,38300,39550,38300,39250,6273,39250
2019-05-22,39250,40500,39150,39150,5255,39150
2019-05-23,39000,40250,38900,39250,2028,39250
2019-05-24,39350,39350,38400,39200,3588,39200
2019-05-27,39900,39900,38550,39150,5376,39150
2019-05-28,39150,39600,38450,39300,2419,39300
2019-05-29,39200,39200,37800,38400,12417,38400
2019-05-30,38500,38500,37600,38300,9133,38300
2019-05-31,38050,38350,37950,38250,4046,38250
2019-06-03,38350,38350,37800,38250,2426,38250
2019-06-04,38450,39200,37800,38300,7435,38300
2019-06-05,38400,38400,37750,38250,5473,38250
2019-06-07,38600,38650,37750,38200,9162,38200
2019-06-10,38650,38650,37700,38250,5079,38250
2019-06-11,38250,38650,37950,38400,6540,38400
2019-06-12,38600,38950,38350,38400,3399,38400
2019-06-13,38700,38700,38200,38350,2741,38350
2019-06-14,38350,38800,37950,38000,20673,38000
2019-06-17,37900,38050,37850,38050,3020,38050
2019-06-18,38500,38500,37750,37950,8961,37950
2019-06-19,38000,38150,37700,37800,6765,37800
2019-06-20,38000,38500,37700,38300,9617,38300
2019-06-21,38600,38600,37900,38300,2254,38300
2019-06-24,37950,38600,37950,38200,5255,38200
2019-06-25,38300,38300,37600,38000,5210,38000
2019-06-26,38000,38000,36900,37350,14405,37350
2019-06-27,37650,37700,36950,37050,11393,37050
2019-06-28,37100,37150,35350,35900,42014,35900
2019-07-01,35800,36750,35800,36550,3960,36550
2019-07-02,36550,36550,35650,36300,4275,36300
2019-07-03,36400,36400,35100,35550,7152,35550
2019-07-04,35400,35950,34750,34850,10172,34850
2019-07-05,34500,35200,34500,34950,3809,34950
2019-07-08,34850,34950,33900,33900,7360,33900
2019-07-09,34100,34550,33550,33950,4892,33950
2019-07-10,34800,35300,33800,35100,6547,35100
2019-07-11,35100,37500,35100,36900,10548,36900
2019-07-12,38000,38000,36850,37000,5896,37000
2019-07-15,37300,37400,36300,36900,10544,36900
2019-07-16,36900,37500,36650,37000,26284,37000
2019-07-17,37450,37450,36600,37150,5441,37150
2019-07-18,37200,37450,37000,37350,5036,37350
2019-07-19,37400,40150,37400,39600,24426,39600
2019-07-22,39650,40400,37850,38150,8569,38150
2019-07-23,38050,38250,37650,38000,6838,38000
2019-07-24,38000,38350,37950,38200,8229,38200
2019-07-25,38200,38550,37900,38250,12723,38250
2019-07-26,40000,40200,37000,38000,24955,38000
2019-07-29,37300,39000,37000,37800,3966,37800
2019-07-30,38150,38150,37300,37550,9146,37550
2019-07-31,37750,37950,36600,37200,6402,37200
2019-08-01,37150,37650,36500,36650,4426,36650
2019-08-02,36650,36900,35600,36850,9423,36850
2019-08-05,36850,36850,34800,35000,8299,35000
2019-08-06,34900,37000,33000,35000,5909,35000
2019-08-07,34750,35950,33900,34050,4911,34050
2019-08-08,34450,34500,33700,34050,12426,34050
2019-08-09,34050,34100,33650,33950,2795,33950
2019-08-12,34000,34350,33750,34100,2835,34100
2019-08-13,34500,34500,33550,34150,2320,34150
2019-08-14,34150,36650,34100,34550,2671,34550
2019-08-16,34550,34800,33650,34100,3110,34100
2019-08-19,34100,34450,33750,33850,2542,33850
2019-08-20,34200,34200,33650,33800,2488,33800
2019-08-21,33950,33950,32800,33350,35706,33350
2019-08-22,33500,33900,33050,33750,9155,33750
2019-08-23,33750,33750,33250,33450,1973,33450
2019-08-26,33350,33350,31850,32050,14888,32050
2019-08-27,32100,32550,31800,32100,8537,32100
2019-08-28,32450,32500,31000,32450,5368,32450
2019-08-29,32850,32850,31300,31400,13623,31400
2019-08-30,31700,32500,31450,32000,5208,32000
2019-09-02,32200,32200,31500,31950,2983,31950
2019-09-03,32000,32400,31950,32200,1937,32200
2019-09-04,32200,32200,31950,32200,1656,32200
2019-09-05,32100,32900,32100,32750,5385,32750
2019-09-06,33000,33000,32050,32850,7635,32850
2019-09-09,32850,33100,32550,33100,4203,33100
2019-09-10,33100,34100,32650,34000,1886,34000
2019-09-11,33950,34550,33750,34450,3184,34450
2019-09-16,34500,35250,33750,33750,14052,33750
2019-09-17,33400,33900,32600,33700,8530,33700
2019-09-18,33900,33900,33300,33650,2015,33650
2019-09-19,33600,33950,33550,33700,1122,33700
2019-09-20,33700,34500,33400,33800,1491,33800
2019-09-23,33500,33850,33000,33300,3609,33300
2019-09-24,33400,33400,32950,33150,1529,33150
2019-09-25,33150,33150,31400,31900,15493,31900
2019-09-26,32300,32300,31400,32000,1937,32000
2019-09-27,31950,32100,31500,31750,3430,31750
2019-09-30,32300,32300,31500,32000,2587,32000
2019-10-01,32100,32300,31500,32100,3313,32100
2019-10-02,32100,32150,31800,32000,2350,32000
2019-10-04,31500,32100,31400,31850,1005,31850
2019-10-07,31850,32500,31600,32500,2301,32500
2019-10-08,32800,32800,31300,31500,4835,31500
2019-10-10,31500,31700,31050,31450,1874,31450
2019-10-11,31750,31750,31150,31500,1498,31500
2019-10-14,31600,31700,31250,31450,1712,31450
2019-10-15,31550,31600,31100,31450,5019,31450
2019-10-16,31650,31650,31350,31550,1507,31550
2019-10-17,31550,31700,31350,31450,518,31450
2019-10-18,31550,31550,31150,31350,643,31350
2019-10-21,31500,31500,30800,30800,2508,30800
2019-10-22,30800,31250,30550,30600,5199,30600
2019-10-23,30350,32000,29950,29950,5367,29950
2019-10-24,30450,30450,28800,29000,17784,29000
2019-10-25,29300,29300,28900,29000,2592,29000
2019-10-28,28850,29700,28850,29550,6541,29550
2019-10-29,29650,29650,29100,29500,1365,29500
2019-10-30,29500,29500,28950,29050,3593,29050
2019-10-31,29550,29550,29050,29350,1898,29350
2019-11-01,29400,29450,29200,29400,822,29400
2019-11-04,29400,30500,29400,30150,3076,30150
2019-11-05,30200,30250,30000,30050,1013,30050
2019-11-06,30250,31800,29900,31750,7873,31750
2019-11-07,31400,31950,31400,31550,1542,31550
2019-11-08,31300,31550,31250,31300,1441,31300
2019-11-11,31800,31800,30500,30700,3504,30700
2019-11-12,31300,31300,30100,30850,5834,30850
2019-11-13,30850,31200,30550,30650,1510,30650
2019-11-14,31100,31300,30800,30950,2345,30950
2019-11-15,30950,31300,30400,30500,3483,30500
2019-11-18,31000,31000,30150,30400,3432,30400
2019-11-19,30700,31100,30600,30750,7331,30750
2019-11-20,30850,30850,29400,29950,15599,29950
2019-11-21,30000,30050,29600,29850,2455,29850
2019-11-22,30100,30500,29700,29800,2625,29800
2019-11-25,30300,30300,29800,30250,1626,30250
2019-11-26,29950,30350,29900,30200,2452,30200
2019-11-27,30300,30450,30000,30250,3131,30250
2019-11-28,30400,30400,30000,30200,2370,30200
2019-11-29,30500,30500,29950,30100,3664,30100
2019-12-02,30400,30400,29850,30100,2298,30100
2019-12-03,30100,30200,29950,30150,2393,30150
2019-12-04,30250,30250,30000,30150,1740,30150
2019-12-05,30350,30350,30000,30000,2434,30000
2019-12-06,30150,30150,30000,30150,118,30150
2019-12-09,30450,30450,29950,30100,3306,30100
2019-12-10,30100,30150,29600,30100,1890,30100
2019-12-11,30100,30200,30000,30100,425,30100
2019-12-12,30350,30350,29950,30100,2901,30100
2019-12-13,30400,30400,30200,30200,2152,30200
2019-12-16,30250,30250,30100,30250,1213,30250
2019-12-17,30000,30250,30000,30200,2075,30200
2019-12-18,30200,30250,30050,30250,2472,30250
2019-12-19,30250,30250,30000,30250,1864,30250
2019-12-20,30100,31400,30000,30550,11422,30550
2019-12-23,30650,30650,30150,30400,2543,30400
2019-12-24,30150,30450,30150,30250,1848,30250
2019-12-26,30500,31000,30250,30500,3067,30500
2019-12-27,30100,30600,30100,30500,1087,30500
2019-12-30,30650,30700,30350,30500,1816,30500
2020-01-02,30600,30600,30000,30350,4886,30350
2020-01-03,30400,30600,30050,30400,4451,30400
2020-01-06,30400,30400,29850,30050,2341,30050
2020-01-07,30050,30400,30000,30250,4206,30250
2020-01-08,30200,30200,29350,29550,6999,29550
2020-01-09,29600,29900,29500,29600,4199,29600
2020-01-10,30200,30200,29650,29850,1127,29850
2020-01-13,29850,30050,29650,29900,3743,29900
2020-01-14,30050,30050,29650,29900,1866,29900
2020-01-15,30250,30250,29700,29900,1541,29900
2020-01-16,29650,30000,28950,29300,50451,29300
2020-01-17,29300,29550,29100,29150,4444,29150
2020-01-20,29650,29650,29300,29300,6965,29300
2020-01-21,29550,29550,29250,29450,3570,29450
2020-01-22,29500,29550,29300,29400,3158,29400
2020-01-23,29550,29550,29100,29500,2098,29500
2020-01-28,28450,29050,28450,28800,5756,28800
2020-01-29,28800,29500,28750,29100,4540,29100
2020-01-30,29150,29550,28300,28550,9071,28550
2020-01-31,29100,29100,27950,28000,9476,28000
2020-02-03,27150,27750,26800,27700,3312,27700
2020-02-04,27700,28250,27550,27900,3605,27900
2020-02-05,27900,29100,27750,28350,1771,28350
2020-02-06,28650,28650,27950,28400,2632,28400
2020-02-07,28450,29150,28350,29000,4222,29000
2020-02-10,29250,29300,28900,29250,4851,29250
2020-02-11,29400,29400,29150,29350,1727,29350
2020-02-12,29400,29450,29100,29400,1821,29400
2020-02-13,29450,29600,29300,29500,1747,29500
2020-02-14,29500,29950,29450,29700,3410,29700
2020-02-17,30100,30900,29800,30900,8631,30900
2020-02-18,31250,31250,30550,31200,8709,31200
2020-02-19,31150,31600,31000,31300,7564,31300
2020-02-20,31650,32300,31300,32250,20897,32250
2020-02-21,32150,32150,31300,31700,5235,31700
2020-02-24,30500,31450,29150,29450,12636,29450
2020-02-25,29300,29700,28950,29550,7231,29550
2020-02-26,29300,29300,28550,28750,6540,28750
2020-02-27,28650,28850,28350,28600,17062,28600
2020-02-28,28100,28500,27300,28000,10153,28000
2020-03-02,28000,28400,27500,28350,4449,28350
2020-03-03,28400,29000,28400,28650,2225,28650
2020-03-04,28650,29150,28300,29150,3019,29150
2020-03-05,29400,29950,29150,29950,3365,29950
2020-03-06,29300,30050,29300,29900,3687,29900
2020-03-09,29900,29900,29900,29900,0,29900
2020-03-10,29450,29450,27750,29000,8551,29000
2020-03-11,29000,29200,28550,28850,4134,28850
2020-03-12,28850,28850,28850,28850,0,28850
2020-03-13,27700,27700,24900,25800,15178,25800
2020-03-16,26200,26500,24750,25000,11670,25000
2020-03-17,21650,24950,21650,24800,16176,24800
2020-03-18,24950,25400,24200,24750,10929,24750
2020-03-19,26950,32150,26650,27900,289894,27900
2020-03-20,29500,29500,25200,26550,105873,26550
2020-03-23,25750,25750,24300,24800,37354,24800
2020-03-24,24500,24550,23150,23900,43741,23900
2020-03-25,23650,25300,23650,24000,38768,24000
2020-03-26,24000,25050,23900,24600,41301,24600
2020-03-27,24650,28500,24650,26700,45303,26700
2020-03-30,26000,26850,25800,26600,22318,26600
2020-03-31,27300,27300,25650,26250,29806,26250
2020-04-01,26550,26550,25850,26150,13591,26150
2020-04-02,25900,26500,25850,26150,9350,26150
2020-04-03,26550,26550,25650,25800,8387,25800
2020-04-06,25800,25800,24950,25500,20182,25500
2020-04-07,25700,25950,25300,25700,16475,25700
2020-04-08,25600,26850,25600,26500,11872,26500
2020-04-10,26100,27300,25850,26950,39077,26950
2020-04-13,27300,27400,26200,26300,12340,26300
2020-04-14,26050,26900,26050,26450,18516,26450
2020-04-16,26450,26600,26250,26550,5604,26550
2020-04-17,26850,27050,26500,26950,18615,26950
2020-04-20,26900,27100,26550,26850,12233,26850
2020-04-21,26850,26850,25500,26300,17973,26300
2020-04-22,26250,27550,25800,27250,20007,27250
2020-04-23,27550,28400,26950,27700,23153,27700
2020-04-24,27950,28050,27300,27800,18587,27800
2020-04-27,27800,27850,27400,27500,10468,27500
2020-04-28,27950,28750,27300,28450,25642,28450
2020-04-29,28450,29450,28300,29400,34846,29400
2020-05-04,29150,29950,28450,28650,17062,28650
2020-05-06,28950,28950,28400,28600,15804,28600
2020-05-07,28450,28450,27700,28200,12469,28200
2020-05-08,28000,28200,27850,28000,7286,28000
2020-05-11,28350,30100,28000,28800,27060,28800
2020-05-12,28950,28950,28000,28300,11232,28300
2020-05-13,28300,28800,27850,28750,30271,28750
2020-05-14,28400,29400,28400,28850,7940,28850
2020-05-15,28900,29200,28500,29150,10115,29150
2020-05-18,29700,29700,28850,29150,8872,29150
2020-05-19,29400,29450,28900,29250,13235,29250
2020-05-20,29500,33600,29400,29950,144975,29950
2020-05-21,30650,30650,29950,30250,30245,30250
2020-05-22,30250,30250,29050,29400,20732,29400
2020-05-25,29700,29700,29200,29300,7410,29300
2020-05-26,29050,29500,28950,29050,9592,29050
2020-05-27,29700,29750,29100,29400,12090,29400
2020-05-28,29400,29550,28400,28500,16415,28500
2020-05-29,28900,29550,28600,29350,16613,29350
2020-06-01,29350,29450,28550,28700,13553,28700
2020-06-02,28650,29150,28450,28900,14365,28900
2020-06-03,29200,29300,28800,29300,14335,29300
2020-06-04,29350,29800,29050,29350,8439,29350
2020-06-05,29300,29850,29000,29850,9003,29850
2020-06-08,30150,30150,29200,29800,9206,29800
2020-06-09,29800,29950,29350,29800,5976,29800
2020-06-10,29950,30000,29400,29650,9370,29650
2020-06-11,29800,29800,28800,29000,11898,29000
2020-06-12,28400,28400,27850,28200,4550,28200
2020-06-15,28200,28400,27700,28000,15206,28000
2020-06-16,28100,29950,28100,29650,33006,29650
2020-06-17,29300,31650,29300,31650,53078,31650
2020-06-18,31700,34450,31250,31800,32941,31800
2020-06-19,31750,31950,30550,31450,11686,31450
2020-06-22,31500,31750,30750,30900,7166,30900
2020-06-23,30900,30950,29500,29750,20040,29750
2020-06-24,29750,29950,29300,29450,6373,29450
2020-06-25,29350,29350,28400,28700,10015,28700
2020-06-26,28700,29250,28450,28900,4737,28900
2020-06-29,28900,29200,28300,28400,5430,28400
2020-06-30,28450,29000,28350,28900,3402,28900
2020-07-01,29000,29000,28400,28450,6449,28450
2020-07-02,28450,28900,28150,28800,3028,28800
2020-07-03,29300,29300,28250,29050,3255,29050
2020-07-06,29100,29100,28550,28750,4088,28750
2020-07-07,29000,29000,28100,28700,3244,28700
2020-07-08,28700,29000,28400,28400,2479,28400
2020-07-09,29000,29000,28150,28500,8578,28500
2020-07-10,28500,28500,27700,27950,15244,27950
2020-07-13,28000,28150,27550,27950,7377,27950
2020-07-14,27950,28300,27650,28150,8475,28150
2020-07-15,28400,28650,27900,28650,4449,28650
2020-07-16,28650,29000,28100,28700,4410,28700
2020-07-17,28900,28900,28200,28750,5112,28750
2020-07-20,29200,29200,28650,28850,4480,28850
2020-07-21,28850,29150,28550,28800,6793,28800
2020-07-22,29000,29000,28300,28550,5767,28550
2020-07-23,28800,28800,28250,28250,5011,28250
2020-07-24,28750,28800,27850,28300,6442,28300
2020-07-27,28350,28950,28250,28750,8811,28750
2020-07-28,28850,28850,28400,28600,3721,28600
2020-07-29,28600,28900,28450,28650,7983,28650
2020-07-30,28900,28950,28400,28650,4711,28650
2020-07-31,28350,28850,28150,28850,5521,28850
2020-08-03,28850,28850,28450,28600,3306,28600
2020-08-04,28600,28700,28300,28600,14764,28600
2020-08-05,28600,29800,28250,29650,25202,29650
2020-08-06,29750,29950,28900,29300,21096,29300
2020-08-07,29300,29950,28850,29950,20245,29950
2020-08-10,30650,33700,29950,33500,91485,33500
2020-08-11,33900,34750,33100,34000,44477,34000
2020-08-12,34150,35600,33900,35600,41037,35600
2020-08-13,36750,36750,35350,36250,46412,36250
2020-08-14,41500,41550,36000,36200,166250,36200
2020-08-18,36150,36150,32000,32300,61521,32300
2020-08-19,32000,35800,32000,34750,46391,34750
2020-08-20,34750,35250,33450,33450,20975,33450
2020-08-21,33500,34700,33500,34450,16771,34450
2020-08-24,34450,35100,33750,34900,22258,34900
2020-08-25,35000,35100,34500,34900,15733,34900
2020-08-26,35050,35050,34150,34500,13437,34500
2020-08-27,35050,35150,34150,34250,17991,34250
2020-08-28,34300,34800,34050,34300,10081,34300
2020-08-31,34350,34650,33500,33700,16223,33700
2020-09-01,33700,35400,33350,35400,35757,35400
2020-09-02,35450,36350,34250,34800,36459,34800
2020-09-03,35800,35800,34550,34600,34605,34600
2020-09-04,33750,34350,33550,33800,18083,33800
2020-09-07,33900,35450,33750,35250,42009,35250
2020-09-08,35400,38900,35050,37800,87726,37800
2020-09-09,37100,39000,36600,37750,36167,37750
2020-09-10,38100,42850,38000,41650,210415,41650
2020-09-11,41600,42150,40800,41750,72023,41750
2020-09-14,42000,46400,42000,46400,151920,46400
2020-09-15,49150,49350,46500,48400,132677,48400
2020-09-16,48250,50900,45000,49500,103232,49500
2020-09-17,49000,49850,48450,49700,40253,49700
2020-09-18,49650,50100,49100,49600,49868,49600
2020-09-21,49600,51700,48550,48650,74285,48650
2020-09-22,48600,48600,43550,44300,91584,44300
2020-09-23,45150,45700,43050,45300,62307,45300
2020-09-24,44000,45650,42450,43700,53961,43700
2020-09-25,42950,45400,42700,43900,43528,43900
2020-09-28,44050,44900,43300,44900,20652,44900
2020-09-29,45300,47800,43300,44000,75988,44000
2020-10-05,44000,44000,39300,39750,96034,39750
2020-10-06,39200,40000,37600,39000,53049,39000
2020-10-07,38900,38900,37750,38300,47884,38300
2020-10-08,38950,40700,38950,39200,77651,39200
2020-10-12,40200,40200,38500,38900,31725,38900
2020-10-13,39100,39300,37750,38500,32832,38500
2020-10-14,38700,39000,37800,38400,27587,38400
2020-10-15,38650,38650,37300,37700,32892,37700
2020-10-16,37200,37550,35950,36600,45822,36600
2020-10-19,36800,36800,35500,35800,24810,35800
2020-10-20,35800,35950,34300,35050,32928,35050
2020-10-21,35050,39350,35050,38400,59250,38400
2020-10-22,38400,39600,37300,39400,37569,39400
2020-10-23,39600,40800,38450,40800,44143,40800
2020-10-26,40650,41000,38950,39000,32099,39000
2020-10-27,38000,39800,37350,38950,19720,38950
2020-10-28,38500,39400,37750,37750,26061,37750
2020-10-29,37750,39300,37650,38500,15619,38500
2020-10-30,38050,38500,37750,37900,12927,37900
2020-11-02,37900,39400,37750,39000,20938,39000
2020-11-03,39500,39500,37550,37950,36661,37950
2020-11-04,38300,38300,36800,36800,21422,36800
2020-11-05,36750,37600,36750,37150,16530,37150
2020-11-06,37450,38500,36550,37850,30142,37850
2020-11-09,37900,39200,37900,38800,21623,38800
2020-11-10,38800,39000,38400,38800,13451,38800
2020-11-11,39050,39050,37950,38700,14363,38700
2020-11-12,38450,39050,37950,37950,20392,37950
2020-11-13,37700,38500,37600,38500,10194,38500
2020-11-16,38600,38900,38100,38400,30888,38400
2020-11-17,38000,38700,37600,38500,17086,38500
2020-11-18,38500,40750,38500,39850,99458,39850
2020-11-19,36500,37200,33900,36750,534698,36750
2020-11-20,36800,37150,35300,35950,107180,35950
2020-11-23,35650,35700,34150,34300,168201,34300
2020-11-24,34600,34850,32600,33400,184719,33400
2020-11-25,34000,34250,32800,33100,86323,33100
2020-11-26,33150,33850,33050,33500,57297,33500
2020-11-27,33700,34200,33450,33900,60407,33900
2020-11-30,34450,36600,34350,36200,203538,36200
2020-12-01,36350,36350,35200,35400,71442,35400
2020-12-02,35700,35700,34600,35150,60827,35150
2020-12-03,35300,35500,34400,35500,58726,35500
2020-12-04,35300,35300,34150,34150,104453,34150
2020-12-07,34000,34200,33150,33150,73482,33150
2020-12-08,33200,34650,32600,33200,138565,33200
2020-12-09,33200,33550,33050,33350,59180,33350
2020-12-10,33300,33500,33050,33450,65363,33450
2020-12-11,33500,35700,33450,34650,300995,34650
2020-12-14,34250,34700,34150,34650,83311,34650
2020-12-15,34850,34950,34100,34500,78372,34500
2020-12-16,35200,35250,34400,34700,69617,34700
2020-12-17,34700,35000,34300,34550,65331,34550
2020-12-18,34600,35550,34550,35400,165754,35400
2020-12-21,36000,36500,35350,36450,188014,36450
2020-12-22,36750,36750,35500,35900,136451,35900
2020-12-23,35750,36450,35550,35900,116244,35900
2020-12-24,36200,37150,35550,37050,186157,37050
2020-12-28,37200,38850,37200,37600,320819,37600
2020-12-29,37550,39200,37550,39200,244847,39200
2020-12-30,39300,40150,38550,39250,210625,39250
2021-01-04,39300,43150,39250,42800,336380,42800
2021-01-05,42800,42950,41450,42300,138308,42300
2021-01-06,42550,42650,41050,41400,129835,41400
2021-01-07,43450,43450,42000,43050,222224,43050
2021-01-08,43500,44700,42900,43450,218524,43450
2021-01-11,43400,43400,39800,40700,364980,40700
2021-01-12,40150,40450,38700,39400,177927,39400
2021-01-13,39400,40200,39250,39650,76571,39650
2021-01-14,39750,39750,38650,38850,103321,38850
2021-01-15,38850,39200,38000,38400,66519,38400
2021-01-18,38100,38900,37200,37700,88508,37700
2021-01-19,38200,39750,37550,39700,98430,39700
2021-01-20,40050,40100,39000,39850,60068,39850
2021-01-21,40000,40450,39000,39600,63838,39600
2021-01-22,39700,39850,38400,38600,78660,38600
2021-01-25,38400,38800,37900,38250,80829,38250
2021-01-26,38350,38450,37400,37650,80767,37650
2021-01-27,37650,39500,37550,38000,65855,38000
2021-01-28,37000,38300,37000,37750,46886,37750
2021-01-29,37900,37950,35700,36300,105711,36300
2021-02-01,36100,36350,35050,36250,41148,36250
2021-02-02,36250,37350,36250,37000,56154,37000
2021-02-03,37000,37650,36450,36950,45553,36950
2021-02-04,37600,38350,36850,38000,88890,38000
2021-02-05,38400,38400,36950,37500,42737,37500
2021-02-08,37700,37800,36250,36700,49988,36700
2021-02-09,36700,37350,35600,37000,41253,37000
2021-02-10,36800,36800,36000,36100,69223,36100
2021-02-15,36200,37250,35800,37250,81974,37250
2021-02-16,37350,38700,37050,37900,84233,37900
2021-02-17,38300,44300,37850,43200,789109,43200
2021-02-18,43850,47450,43500,44350,746616,44350
2021-02-19,43800,44000,39450,39950,554864,39950
2021-02-22,40450,42900,39700,39800,249629,39800
2021-02-23,39150,40850,39150,39450,100159,39450
2021-02-24,39650,40000,36750,37350,230652,37350
2021-02-25,38000,38800,37550,38750,65545,38750
2021-02-26,37600,39750,37400,39250,117672,39250
2021-03-02,39750,39900,38600,38750,68275,38750
2021-03-03,38450,38900,38200,38450,41848,38450
2021-03-04,38450,38550,37650,38150,54664,38150
2021-03-05,38450,39500,37600,38900,102451,38900
2021-03-08,39550,39550,38250,38300,44442,38300
2021-03-09,38300,38600,36800,37600,62561,37600
2021-03-10,38000,38400,36400,36550,55991,36550
2021-03-11,37000,37900,36550,37500,51351,37500
2021-03-12,37600,38450,37500,38350,58580,38350
2021-03-15,38250,39600,37650,39550,91206,39550
2021-03-16,39700,39700,38950,39550,50786,39550
2021-03-17,39700,39700,38900,39350,43972,39350
2021-03-18,39350,39500,38950,39350,49917,39350
2021-03-19,39000,39550,38550,39050,44154,39050
2021-03-22,39200,39600,38500,38800,52708,38800
2021-03-23,38900,39250,38600,38650,54888,38650
2021-03-24,38850,38850,37800,38700,30093,38700
2021-03-25,38250,38900,38250,38800,27200,38800
2021-03-26,39000,39000,38150,38500,41795,38500
2021-03-29,38500,39000,38350,38450,53496,38450
2021-03-30,38450,39900,38400,39650,101736,39650
2021-03-31,39850,39950,39150,39600,52764,39600
2021-04-01,39600,40550,39550,40050,83988,40050
2021-04-02,40300,41550,39600,41400,218182,41400
2021-04-05,41750,41800,40550,41000,80082,41000
2021-04-06,41000,41100,39950,40000,81572,40000
2021-04-07,39950,40750,39800,40400,55185,40400
2021-04-08,40400,40600,39850,40600,55804,40600
2021-04-09,40850,40900,40350,40600,52707,40600
2021-04-12,40600,41200,40350,41100,62403,41100
2021-04-13,41400,41800,40800,41750,107196,41750
2021-04-14,41950,42900,41400,42600,155403,42600
2021-04-15,42600,43150,42150,42600,131033,42600
