Date,Open,High,Low,Close,Volume,Adj_Close
2003-11-03,5700,5700,5120,5190,344900,4298
2003-11-04,5390,5790,4930,5400,521300,4472
2003-11-05,5370,5370,4760,4760,215100,3942
2003-11-06,4625,4720,4190,4190,143800,3470
2003-11-07,3790,4600,3790,4100,337700,3395
2003-11-10,3970,4260,3970,4080,104600,3379
2003-11-11,4000,4150,3915,3995,95700,3308
2003-11-12,3950,4090,3935,3985,73800,3300
2003-11-13,4000,4370,3955,4200,235900,3478
2003-11-14,4100,4340,3990,4030,193400,3337
2003-11-17,4000,4095,3855,3855,48300,3192
2003-11-18,3855,3950,3780,3805,35500,3151
2003-11-19,3895,3895,3550,3550,45200,2940
2003-11-20,3560,3700,3540,3610,50400,2989
2003-11-21,3515,3740,3515,3690,44100,3056
2003-11-24,3690,3800,3660,3690,34800,3056
2003-11-25,3710,3970,3710,3785,112700,3134
2003-11-26,3800,3880,3750,3800,61700,3147
2003-11-27,3850,4010,3810,3930,85400,3254
2003-11-28,3940,3950,3715,3745,44200,3101
2003-12-01,3700,3700,3400,3480,114200,2882
2003-12-02,3500,3545,3355,3480,190300,2882
2003-12-03,3515,3515,3410,3475,123100,2878
2003-12-04,3480,3570,3430,3460,380000,2865
2003-12-05,3490,3500,3260,3260,165500,2699
2003-12-08,3180,3380,3160,3320,237600,2749
2003-12-09,3330,3350,3240,3295,89000,2728
2003-12-10,3215,3315,3215,3245,53900,2687
2003-12-11,3285,3320,3250,3300,79800,2733
2003-12-12,3330,3695,3330,3695,1118700,3060
2003-12-15,3880,3920,3615,3740,522300,3097
2003-12-16,3740,3955,3615,3700,518600,3064
2003-12-17,3825,3940,3750,3930,508400,3254
2003-12-18,4010,4070,3630,3630,388200,3006
2003-12-19,3600,3690,3250,3270,300000,2708
2003-12-22,3310,3465,3270,3270,287300,2708
2003-12-23,3350,3350,2940,3030,320300,2509
2003-12-24,3000,3140,3000,3010,133100,2492
2003-12-26,2950,3020,2780,2880,166800,2385
2003-12-29,2850,3035,2850,2945,131200,2439
2003-12-30,3000,3095,2970,3095,111700,2563
2004-01-02,3105,3150,3015,3020,81000,2501
2004-01-05,3050,3050,2965,2990,63300,2476
2004-01-06,3025,3120,2900,2980,94800,2468
2004-01-07,2910,3050,2900,2945,160600,2439
2004-01-08,3010,3010,2840,2840,126200,2352
2004-01-09,2845,2970,2805,2850,81000,2360
2004-01-12,2805,2950,2800,2895,118700,2397
2004-01-13,2895,3180,2885,2950,162500,2443
2004-01-14,2950,3050,2910,3020,95300,2501
2004-01-15,3040,3095,2930,3020,70000,2501
2004-01-16,2955,3205,2955,3055,175700,2530
2004-01-19,3200,3200,3010,3095,127000,2563
2004-01-20,3035,3145,3000,3030,37200,2509
2004-01-26,3010,3165,3010,3160,147800,2617
2004-01-27,3165,3200,3050,3050,73600,2526
2004-01-28,3025,3150,2990,3100,64900,2567
2004-01-29,3070,3145,3015,3120,56300,2584
2004-01-30,3130,3490,3130,3450,516900,2857
2004-02-02,3480,3570,3360,3570,313800,2956
2004-02-03,3590,3590,3440,3475,165300,2878
2004-02-04,3475,3580,3365,3545,185400,2936
2004-02-05,3500,3560,3230,3345,170900,2770
2004-02-06,3320,3500,3185,3350,126800,2774
2004-02-09,3400,3540,3290,3320,229000,2749
2004-02-10,3320,3500,3280,3490,173100,2890
2004-02-11,3550,3905,3500,3905,652200,3234
2004-02-12,3905,3920,3630,3730,410700,3089
2004-02-13,3755,4030,3585,3800,636400,3147
2004-02-16,3730,3800,3620,3625,242600,3002
2004-02-17,3580,3720,3490,3670,312000,3039
2004-02-18,3650,3720,3530,3555,141800,2944
2004-02-19,3535,3595,3215,3220,323500,2666
2004-02-20,3150,3310,3110,3220,145900,2666
2004-02-23,3220,3380,3220,3300,147900,2733
2004-02-24,3245,3370,3220,3280,82200,2716
2004-02-25,3260,3670,3240,3670,490400,3039
2004-02-26,3870,4110,3800,4110,1889000,3403
2004-02-27,4250,4600,4020,4600,2079600,3809
2004-03-02,4900,5150,4650,5150,1261400,4265
2004-03-03,5250,5300,4720,5110,1982600,4232
2004-03-04,5110,5210,4745,4775,1113100,3954
2004-03-05,4720,4990,4305,4440,1010200,3677
2004-03-08,4530,4970,4470,4970,1493700,4116
2004-03-09,5010,5150,4470,4600,967100,3809
2004-03-10,4800,5130,4720,4845,1530200,4012
2004-03-11,5030,5140,4435,4470,1008900,3702
2004-03-12,4320,4420,3935,4020,711900,3329
2004-03-15,3950,4400,3900,4245,657900,3515
2004-03-16,4380,4750,4300,4750,693600,3934
2004-03-17,5050,5320,4825,5320,837900,4406
2004-03-18,5650,5950,5110,5290,2141200,4381
2004-03-19,5370,5700,5070,5450,1019400,4513
2004-03-22,5550,6100,5410,6100,1286400,5052
2004-03-23,6290,6720,5700,6000,1544400,4969
2004-03-24,5900,6270,5720,6100,787700,5052
2004-03-25,6050,6420,5900,5900,926900,4886
2004-03-26,5900,6600,5510,6600,1684200,5466
2004-03-29,7020,7390,6900,7390,998300,6120
2004-03-30,7650,8120,7400,7730,1299000,6402
2004-03-31,7230,7890,7100,7400,678200,6128
2004-04-01,7210,7600,7100,7100,501600,5880
2004-04-02,7070,7280,6250,6250,618800,5176
2004-04-06,6150,6740,6070,6300,1126400,5217
2004-04-07,6420,6500,6000,6120,476500,5068
2004-04-08,6260,6260,6010,6150,392800,5093
2004-04-09,6210,6770,6210,6450,1063900,5341
2004-04-12,6600,6720,6400,6550,436400,5424
2004-04-13,6640,6700,6070,6180,351900,5118
2004-04-14,6200,6220,5840,5880,261800,4869
2004-04-16,5830,6200,5830,6010,264400,4977
2004-04-19,6000,6700,6000,6450,661300,5341
2004-04-20,6410,6520,6060,6060,389400,5018
2004-04-21,6010,6300,6010,6170,251300,5110
2004-04-22,3455,3455,3350,3455,664100,2861
2004-04-23,3700,3865,3480,3865,1111500,3201
2004-04-26,3870,4325,3870,4325,1088100,3582
2004-04-27,4440,4450,3990,4200,596000,3478
2004-04-28,4150,4590,4130,4200,657900,3478
2004-04-29,4100,4200,3810,3810,285200,3155
2004-04-30,3500,3780,3500,3625,377200,3002
2004-05-03,3500,3910,3500,3800,438200,3147
2004-05-04,3850,4180,3810,3900,616800,3230
2004-05-06,3940,4080,3510,3510,298700,2907
2004-05-07,3515,3620,3230,3430,229500,2840
2004-05-10,3360,3530,3020,3040,384100,2517
2004-05-11,2910,3150,2810,3065,313500,2538
2004-05-12,3150,3430,3130,3430,355700,2840
2004-05-13,3350,3740,3350,3525,584600,2919
2004-05-14,3550,3690,3150,3270,211800,2708
2004-05-17,3250,3350,2880,2880,250800,2385
2004-05-18,2735,3055,2660,2915,261200,2414
2004-05-19,2925,3055,2925,2960,289300,2451
2004-05-20,2870,2880,2605,2605,298900,2157
2004-05-21,2605,2800,2555,2605,649000,2157
2004-05-24,2690,2710,2600,2610,363700,2161
2004-05-25,2570,2910,2385,2790,1531400,2310
2004-05-27,2845,2940,2670,2760,831500,2285
2004-05-28,2800,2830,2730,2755,322400,2281
2004-05-31,2715,2755,2625,2640,255800,2186
2004-06-01,2695,2705,2635,2635,203200,2182
2004-06-02,2635,2730,2550,2670,482100,2211
2004-06-03,2760,2855,2620,2685,671800,2223
2004-06-04,2650,2760,2650,2740,418700,2269
2004-06-07,2850,3065,2770,3065,1544400,2538
2004-06-08,3120,3190,2950,3075,1026800,2546
2004-06-09,3140,3190,2985,2995,684900,2480
2004-06-10,2950,3240,2885,3240,781300,2683
2004-06-11,3240,3340,3120,3235,818100,2679
2004-06-14,3230,3370,2850,2850,952300,2360
2004-06-15,2950,2980,2650,2860,739500,2368
2004-06-16,2800,2910,2680,2700,400800,2236
2004-06-17,2640,2890,2600,2700,659300,2236
2004-06-18,2700,2750,2650,2690,264400,2227
2004-06-21,2750,3000,2750,2950,712000,2443
2004-06-22,2990,2990,2745,2830,691800,2343
2004-06-23,2860,2875,2610,2700,431700,2236
2004-06-24,2700,2770,2680,2680,355000,2219
2004-06-25,2650,2725,2620,2675,374300,2215
2004-06-28,2675,2725,2670,2680,239300,2219
2004-06-29,2720,2835,2720,2795,569900,2314
2004-06-30,2830,2840,2750,2815,470000,2331
2004-07-01,2885,2995,2865,2920,751000,2418
2004-07-02,2865,2870,2750,2750,350200,2277
2004-07-05,2705,2850,2705,2750,230500,2277
2004-07-06,2735,2795,2675,2675,277900,2215
2004-07-07,2555,2675,2555,2630,262900,2178
2004-07-08,2620,2670,2560,2565,191800,2124
2004-07-09,2535,2810,2530,2685,502300,2223
2004-07-12,2700,2810,2620,2720,513700,2252
2004-07-13,2725,2745,2650,2660,247800,2203
2004-07-14,2645,2675,2585,2595,228300,2149
2004-07-15,2590,2595,2435,2485,203000,2058
2004-07-16,2435,2645,2420,2570,222300,2128
2004-07-19,2500,2590,2500,2530,111900,2095
2004-07-20,2490,2575,2490,2550,161700,2111
2004-07-21,2620,2700,2535,2540,669400,2103
2004-07-22,2495,2590,2460,2490,280900,2062
2004-07-23,2510,2525,2420,2420,133700,2004
2004-07-26,2350,2420,2305,2305,219800,1909
2004-07-27,2295,2295,2170,2235,224600,1851
2004-07-28,2295,2295,2190,2190,131300,1813
2004-07-29,2125,2190,1955,1975,276100,1635
2004-07-30,1975,2020,1970,1975,188700,1635
2004-08-02,1995,1995,1805,1820,183400,1507
2004-08-03,1815,2035,1805,2035,406000,1685
2004-08-04,2065,2255,2065,2150,516600,1780
2004-08-05,2150,2220,2050,2195,301500,1817
2004-08-06,2100,2160,2100,2100,183700,1739
2004-08-09,2025,2100,1980,2100,145200,1739
2004-08-10,2090,2165,2090,2120,140500,1755
2004-08-11,2180,2180,2055,2080,196400,1722
2004-08-12,2060,2115,2050,2060,114900,1706
2004-08-13,2035,2150,2035,2055,188300,1701
2004-08-16,2100,2100,2040,2060,100400,1706
2004-08-17,2105,2305,2100,2305,780700,1909
2004-08-18,2370,2440,2240,2275,644900,1884
2004-08-19,2320,2345,2250,2330,529200,1929
2004-08-20,2320,2375,2265,2270,281900,1880
2004-08-23,2300,2330,2200,2200,226800,1822
2004-08-24,2195,2250,2180,2250,159400,1863
2004-08-25,2280,2370,2260,2370,365400,1962
2004-08-26,2370,2370,2280,2280,192800,1888
2004-08-27,2260,2355,2230,2350,227200,1946
2004-08-30,2420,2475,2360,2360,558100,1954
2004-08-31,2350,2445,2345,2445,239200,2024
2004-09-01,2455,2470,2390,2395,234800,1983
2004-09-02,2375,2645,2350,2595,440400,2149
2004-09-03,2550,2620,2465,2540,290000,2103
2004-09-06,2520,2610,2480,2570,193100,2128
2004-09-07,2615,2760,2505,2560,767600,2120
2004-09-08,2565,2635,2515,2525,199800,2091
2004-09-09,2520,2550,2485,2485,160900,2058
2004-09-10,2470,2545,2460,2460,177700,2037
2004-09-13,2480,2555,2465,2525,169900,2091
2004-09-14,2560,2580,2505,2550,206400,2111
2004-09-15,2530,2590,2530,2570,164100,2128
2004-09-16,2530,2540,2470,2470,196000,2045
2004-09-17,2460,2520,2455,2465,113200,2041
2004-09-20,2500,2555,2475,2485,150300,2058
2004-09-21,2485,2500,2420,2425,162400,2008
2004-09-22,2430,2460,2300,2300,153400,1904
2004-09-23,2240,2280,2200,2230,111600,1846
2004-09-24,2180,2290,2180,2290,107900,1896
2004-09-30,2310,2340,2300,2305,76900,1909
2004-10-01,2315,2360,2285,2335,101500,1933
2004-10-04,2395,2395,2330,2330,76300,1929
2004-10-05,2385,2445,2330,2400,228600,1987
2004-10-06,2380,2420,2310,2325,91900,1925
2004-10-07,2280,2435,2280,2300,243800,1904
2004-10-08,2265,2375,2265,2280,190700,1888
2004-10-11,2300,2330,2250,2305,138900,1909
2004-10-12,2280,2325,2250,2250,100000,1863
2004-10-13,2240,2520,2240,2420,591200,2004
2004-10-14,2380,2435,2320,2345,187900,1942
2004-10-15,2270,2370,2270,2335,105200,1933
2004-10-18,2310,2390,2310,2390,129500,1979
2004-10-19,2445,2445,2355,2355,166200,1950
2004-10-20,2325,2350,2290,2290,92600,1896
2004-10-21,2290,2340,2255,2255,86000,1867
2004-10-22,2230,2310,2220,2265,86200,1875
2004-10-25,2250,2345,2240,2250,237100,1863
2004-10-26,2280,2410,2255,2350,353700,1946
2004-10-27,2400,2420,2305,2305,237700,1909
2004-10-28,2325,2355,2285,2295,98700,1900
2004-10-29,2280,2290,2240,2270,99000,1880
2004-11-01,2265,2295,2255,2260,83700,1871
2004-11-02,2255,2310,2255,2300,88300,1904
2004-11-03,2300,2330,2270,2270,92500,1880
2004-11-04,2280,2305,2235,2255,65500,1867
2004-11-05,2290,2290,2255,2255,89700,1867
2004-11-08,2260,2315,2235,2290,129200,1896
2004-11-09,2285,2400,2275,2340,188700,1938
2004-11-10,2350,2370,2310,2360,125800,1954
2004-11-11,2375,2515,2270,2315,597500,1917
2004-11-12,2350,2370,2315,2320,182800,1921
2004-11-15,2330,2365,2310,2325,147600,1925
2004-11-16,2320,2360,2300,2300,107500,1904
2004-11-17,2300,2340,2290,2335,95400,1933
2004-11-18,2335,2455,2325,2350,296500,1946
2004-11-19,2370,2420,2345,2420,194200,2004
2004-11-22,2475,2560,2445,2530,782300,2095
2004-11-23,2590,2600,2470,2550,397100,2111
2004-11-24,2600,2710,2505,2505,825000,2074
2004-11-25,2485,2615,2440,2530,354400,2095
2004-11-26,2570,2570,2455,2455,223500,2033
2004-11-29,2460,2650,2415,2650,241800,2194
2004-11-30,2650,2685,2575,2660,246100,2203
2004-12-01,2700,2975,2665,2770,1975500,2294
2004-12-02,2800,2815,2600,2685,455500,2223
2004-12-03,2730,2780,2580,2630,308900,2178
2004-12-06,2590,2820,2590,2820,306400,2335
2004-12-07,2850,2940,2765,2800,476300,2319
2004-12-08,2810,2820,2700,2780,192400,2302
2004-12-09,2760,2865,2750,2750,212600,2277
2004-12-10,2700,2750,2620,2640,238500,2186
2004-12-13,2640,2710,2620,2620,144600,2169
2004-12-14,2640,2660,2565,2595,202400,2149
2004-12-15,2575,2640,2575,2590,107300,2145
2004-12-16,2580,2625,2580,2625,100600,2174
2004-12-17,2605,2660,2575,2575,123600,2132
2004-12-20,2560,2605,2500,2520,175600,2087
2004-12-21,2525,2550,2460,2475,130900,2049
2004-12-22,2500,2560,2480,2490,173800,2062
2004-12-23,2495,2640,2470,2580,216100,2136
2004-12-24,2570,2650,2505,2570,261300,2128
2004-12-27,2625,2655,2550,2585,141200,2140
2004-12-28,2600,2680,2555,2650,216600,2194
2004-12-29,2625,2715,2625,2675,77300,2258
2004-12-30,2670,2715,2660,2685,88000,2266
2005-01-03,2685,2920,2665,2915,364800,2460
2005-01-04,2900,2900,2815,2855,232500,2410
2005-01-05,2855,2855,2775,2830,130900,2388
2005-01-06,2830,2985,2790,2830,448700,2388
2005-01-07,2830,2885,2700,2775,204600,2342
2005-01-10,2780,2840,2720,2840,187200,2397
2005-01-11,2870,3080,2805,2915,727000,2460
2005-01-12,2920,2990,2900,2920,225900,2464
2005-01-13,2930,3240,2930,3170,753700,2675
2005-01-14,3130,3270,3065,3200,324400,2701
2005-01-17,3200,3245,3150,3180,270900,2684
2005-01-18,3185,3510,3100,3390,518700,2861
2005-01-19,3410,3465,3350,3380,152900,2853
2005-01-20,3330,3545,3210,3440,547500,2903
2005-01-21,3350,3720,3350,3550,854500,2996
2005-01-24,3625,3630,3450,3540,281900,2988
2005-01-25,3520,3550,3315,3450,215700,2912
2005-01-26,3410,3650,3330,3480,510600,2937
2005-01-27,3400,3545,3275,3290,208600,2777
2005-01-28,3260,3300,3165,3165,217700,2671
2005-01-31,3110,3535,3110,3455,394600,2916
2005-02-01,3410,3520,3360,3450,189300,2912
2005-02-02,3500,3500,3300,3300,154800,2785
2005-02-03,3220,3350,3220,3300,141000,2785
2005-02-04,3300,3385,3270,3330,82300,2810
2005-02-07,3310,3490,3310,3385,140900,2857
2005-02-11,3380,3550,3380,3455,230800,2916
2005-02-14,3535,3620,3480,3555,308800,3000
2005-02-15,3650,3650,3470,3530,143100,2979
2005-02-16,3660,3790,3530,3660,231700,3089
2005-02-17,3630,3750,3600,3600,108300,3038
2005-02-18,3580,4030,3520,3900,892000,3292
2005-02-21,4100,4100,3765,3850,220500,3249
2005-02-22,3900,3970,3720,3725,303200,3144
2005-02-23,3700,4100,3700,3995,528400,3372
2005-02-24,4080,4080,3890,3895,296900,3287
2005-02-25,3895,3995,3765,3860,230800,3258
2005-02-28,3860,3935,3820,3820,155600,3224
2005-03-02,3795,3835,3765,3765,180500,3178
2005-03-03,3740,3835,3725,3800,131700,3207
2005-03-04,3800,3970,3770,3910,149100,3300
2005-03-07,3920,4155,3870,4070,513200,3435
2005-03-08,4190,4240,3700,3960,306200,3342
2005-03-09,3800,3970,3750,3825,134900,3228
2005-03-10,3760,3785,3370,3420,1519300,2886
2005-03-11,3420,3515,3330,3370,620400,2844
2005-03-14,3370,3450,3360,3360,249600,2836
2005-03-15,3360,3430,3250,3390,643400,2861
2005-03-16,3395,3520,3310,3420,273300,2886
2005-03-17,3435,3500,3340,3340,326700,2819
2005-03-18,3340,3500,3160,3185,551000,2688
2005-03-21,3120,3290,2970,3180,492100,2684
2005-03-22,3180,3210,3100,3100,189000,2616
2005-03-23,2990,3085,2990,3025,213100,2553
2005-03-24,3025,3080,2920,2920,154100,2464
2005-03-25,2930,3010,2900,2995,126800,2528
2005-03-28,3035,3340,3035,3295,319000,2781
2005-03-29,3300,3330,3070,3130,166700,2642
2005-03-30,3100,3300,3095,3110,239300,2625
2005-03-31,3130,3215,3080,3080,101300,2599
2005-04-01,3050,3140,3035,3130,122200,2642
2005-04-04,3070,3125,3035,3050,87100,2574
2005-04-06,3055,3120,3050,3050,100200,2574
2005-04-07,3220,3250,3060,3060,195700,2583
2005-04-08,3070,3095,2960,2970,174600,2507
2005-04-11,2970,3015,2880,2880,162800,2431
2005-04-12,2875,2885,2810,2835,141700,2393
2005-04-13,2835,2875,2770,2800,160100,2363
2005-04-14,2780,2825,2705,2735,158200,2308
2005-04-15,2690,3010,2635,2735,676200,2308
2005-04-18,2650,2730,2545,2600,200300,2194
2005-04-19,2650,2680,2600,2620,120900,2211
2005-04-20,2690,2790,2620,2635,218500,2224
2005-04-21,2580,2630,2500,2630,192900,2220
2005-04-22,2700,2710,2595,2610,84600,2203
2005-04-25,2560,2600,2550,2550,98600,2152
2005-04-26,2560,2600,2520,2525,69300,2131
2005-04-27,2480,2610,2480,2600,116900,2194
2005-04-28,2600,2620,2530,2535,78800,2139
2005-04-29,2420,2550,2415,2550,130600,2152
2005-05-02,2530,2600,2500,2510,51000,2118
2005-05-03,2510,2560,2495,2515,53300,2123
2005-05-04,2515,2580,2510,2545,585400,2148
2005-05-06,2585,2600,2550,2575,151300,2173
2005-05-09,2600,2620,2555,2570,60300,2169
2005-05-10,2565,2580,2530,2550,82200,2152
2005-05-11,2550,2565,2460,2460,86000,2076
2005-05-12,2460,2530,2450,2530,91300,2135
2005-05-13,2500,2520,2480,2505,42600,2114
2005-05-16,2500,2530,2480,2530,96000,2135
2005-05-17,2580,2580,2510,2510,46900,2118
2005-05-19,2550,2650,2550,2590,178500,2186
2005-05-20,2635,2640,2580,2605,53500,2198
2005-05-23,2605,2625,2560,2610,54900,2203
2005-05-24,2610,2700,2600,2650,91100,2236
2005-05-25,2650,2680,2600,2655,82400,2241
2005-05-26,2640,2670,2630,2655,85800,2241
2005-05-27,2665,2700,2655,2680,105900,2262
2005-05-30,2670,2685,2610,2615,94500,2207
2005-05-31,2615,2645,2600,2625,54700,2215
2005-06-01,2625,2650,2595,2620,59900,2211
2005-06-02,2600,2650,2580,2620,85700,2211
2005-06-03,2635,2665,2610,2620,67300,2211
2005-06-07,2620,2630,2560,2575,104500,2173
2005-06-08,2580,2620,2575,2590,64000,2186
2005-06-09,2600,2725,2570,2660,148200,2245
2005-06-10,2680,2810,2665,2720,96200,2296
2005-06-13,2685,2720,2660,2660,69900,2245
2005-06-14,2640,2685,2610,2610,75300,2203
2005-06-15,2605,2625,2560,2615,82300,2207
2005-06-16,2645,2650,2610,2610,39100,2203
2005-06-17,2610,2655,2610,2615,43900,2207
2005-06-20,2615,2655,2610,2615,75500,2207
2005-06-21,2600,2630,2600,2610,31200,2203
2005-06-22,2605,2650,2600,2635,62900,2224
2005-06-23,2635,2675,2625,2640,75900,2228
2005-06-24,2665,2735,2640,2650,103500,2236
2005-06-27,2650,2650,2605,2605,68600,2198
2005-06-28,2595,2650,2595,2630,88700,2220
2005-06-29,2650,2690,2650,2690,76500,2270
2005-06-30,2700,2780,2700,2770,136800,2338
2005-07-01,2795,2800,2720,2755,98700,2325
2005-07-04,2745,2790,2730,2765,50300,2334
2005-07-05,2800,2950,2785,2840,210200,2397
2005-07-06,2850,3010,2850,2875,288000,2426
2005-07-07,2875,2985,2820,2850,172300,2405
2005-07-08,2830,2895,2765,2795,126000,2359
2005-07-11,2800,2845,2770,2815,80700,2376
2005-07-12,2830,2950,2830,2950,178600,2490
2005-07-13,3000,3020,2905,2905,66800,2452
2005-07-14,2865,2970,2815,2815,141300,2376
2005-07-15,2880,2880,2805,2805,38700,2367
2005-07-18,2830,2840,2805,2815,67600,2376
2005-07-19,2810,2900,2810,2900,89200,2448
2005-07-20,2950,2950,2810,2830,92900,2388
2005-07-21,2815,2845,2690,2830,132100,2388
2005-07-22,2810,2850,2745,2755,52700,2325
2005-07-25,2720,2910,2720,2790,181900,2355
2005-07-26,2790,2850,2785,2820,46100,2380
2005-07-27,2860,2860,2775,2785,49500,2350
2005-07-28,2790,3100,2765,2960,536200,2498
2005-07-29,3000,3010,2885,2910,87100,2456
2005-08-01,3000,3145,2950,3140,441200,2650
2005-08-02,3110,3180,3025,3070,132200,2591
2005-08-03,3115,3150,2950,3030,171200,2557
2005-08-04,2955,3000,2865,2990,114800,2523
2005-08-05,2890,2915,2800,2835,91800,2393
2005-08-08,2745,2885,2740,2810,46500,2372
2005-08-09,2740,2850,2740,2810,40600,2372
2005-08-10,2810,2890,2810,2845,60500,2401
2005-08-11,2790,2890,2790,2890,52300,2439
2005-08-12,2940,2940,2850,2865,35000,2418
2005-08-16,2850,2900,2795,2830,64100,2388
2005-08-17,2830,2830,2785,2830,38200,2388
2005-08-18,2830,2845,2750,2800,43600,2363
2005-08-19,2750,2785,2695,2710,88000,2287
2005-08-22,2700,2770,2680,2750,44600,2321
2005-08-23,2735,2800,2735,2760,41500,2329
2005-08-24,2775,2810,2740,2740,23700,2312
2005-08-25,2720,2755,2685,2720,29700,2296
2005-08-26,2710,2765,2680,2685,37100,2266
2005-08-29,2680,2690,2620,2655,45400,2241
2005-08-30,2650,2690,2635,2660,43500,2245
2005-08-31,2635,2705,2635,2690,28000,2270
2005-09-01,2700,2730,2680,2710,40700,2287
2005-09-02,2700,2735,2695,2715,28400,2291
2005-09-05,2715,2750,2710,2735,37900,2308
2005-09-06,2730,2800,2730,2755,40800,2325
2005-09-07,2765,2795,2750,2760,34900,2329
2005-09-08,2765,2800,2700,2735,31500,2308
2005-09-09,2735,2760,2730,2750,34000,2321
2005-09-12,2750,2820,2740,2755,35900,2325
2005-09-13,2785,2795,2720,2725,15500,2300
2005-09-14,2710,2740,2680,2680,70900,2262
2005-09-15,2655,2730,2650,2700,43100,2279
2005-09-16,2700,2730,2680,2700,31100,2279
2005-09-20,2700,2765,2680,2720,48700,2296
2005-09-21,2720,2755,2690,2750,77000,2321
2005-09-22,2750,2770,2710,2730,71500,2304
2005-09-23,2730,2750,2685,2685,49300,2266
2005-09-26,2695,2725,2695,2710,37900,2287
2005-09-27,2710,2760,2710,2725,42000,2300
2005-09-28,2730,2770,2695,2695,77200,2274
2005-09-29,2710,2715,2680,2705,77000,2283
2005-09-30,2710,2735,2705,2730,51100,2304
2005-10-04,2730,3000,2730,2850,336200,2405
2005-10-05,2865,2895,2750,2770,267000,2338
2005-10-06,2820,2820,2720,2725,224000,2300
2005-10-07,2730,2765,2710,2750,197500,2321
2005-10-10,2755,3015,2755,2960,496200,2498
2005-10-11,2960,3005,2915,2985,239700,2519
2005-10-12,2965,3080,2950,2970,231700,2507
2005-10-13,2970,3095,2950,3090,232000,2608
2005-10-14,3100,3285,3100,3180,249700,2684
2005-10-17,3130,3200,2925,2970,244200,2507
2005-10-18,2960,3415,2960,3370,670900,2844
2005-10-19,3360,3370,3050,3170,366200,2675
2005-10-20,3185,3645,3185,3600,1196000,3038
2005-10-21,3590,3990,3500,3820,990500,3224
2005-10-24,3880,4390,3520,4390,6848900,3705
2005-10-25,4540,4850,3800,3800,3522000,3207
2005-10-26,3940,4140,3600,3890,1767800,3283
2005-10-27,3885,3890,3605,3605,1214700,3043
2005-10-28,3500,3680,3385,3470,1297000,2929
2005-10-31,3510,3605,3455,3475,1068000,2933
2005-11-01,3470,3590,3420,3520,1031300,2971
2005-11-02,3610,3670,3380,3465,1575100,2924
2005-11-03,3480,3510,3155,3200,1530100,2701
2005-11-04,3205,3240,3100,3180,555900,2684
2005-11-07,3280,3290,3200,3220,630400,2718
2005-11-08,3240,3420,3240,3355,975700,2832
2005-11-09,3385,3390,3210,3240,487800,2735
2005-11-10,3220,3250,3190,3200,374600,2701
2005-11-11,3200,3280,3200,3270,408200,2760
2005-11-14,3250,3415,3250,3330,641200,2810
2005-11-15,3315,3380,3250,3250,288400,2743
2005-11-16,3225,3635,3210,3490,1108000,2946
2005-11-17,3420,3515,3365,3450,327900,2912
2005-11-18,3570,3750,3505,3530,800700,2979
2005-11-21,3535,3570,3420,3480,418300,2937
2005-11-22,3590,3635,3330,3330,531200,2810
2005-11-23,3395,3415,3290,3290,540800,2777
2005-11-24,3295,3370,3285,3330,347500,2810
2005-11-25,3335,3530,3325,3345,663200,2823
2005-11-28,3355,3520,3355,3450,834900,2912
2005-11-29,3435,3685,3405,3620,805200,3055
2005-11-30,3670,4150,3580,4040,1707300,3410
2005-12-01,4070,4080,3860,3880,875100,3275
2005-12-02,4130,4195,3915,4080,805600,3444
2005-12-05,4070,4150,3960,4040,566800,3410
2005-12-06,4050,4580,3705,4300,1533900,3629
2005-12-07,4520,4645,4135,4340,1011200,3663
2005-12-08,4370,4590,4110,4260,814700,3596
2005-12-09,4170,4290,4000,4100,1030500,3460
2005-12-12,4010,4165,3910,3940,614400,3325
2005-12-13,3900,4075,3830,4040,562000,3410
2005-12-14,4000,4065,3850,4010,526600,3385
2005-12-15,4010,4270,3900,4100,746900,3460
2005-12-16,3870,4100,3650,3860,736700,3258
2005-12-19,3700,3910,3700,3730,399900,3148
2005-12-20,3665,3750,3665,3705,337300,3127
2005-12-21,3705,3830,3700,3750,347200,3165
2005-12-22,3755,3895,3190,3500,671900,2954
2005-12-23,3400,3410,3200,3300,464500,2785
2005-12-26,3350,3415,3300,3350,392400,2827
2005-12-27,3300,3365,3270,3280,207900,2768
2005-12-28,3210,3620,3210,3600,312100,3085
2005-12-29,3450,3630,3405,3615,185900,3098
2006-01-02,3600,3615,3500,3520,157300,3017
2006-01-03,3530,3600,3510,3540,161500,3034
2006-01-04,3550,3750,3550,3670,258900,3145
2006-01-05,3690,3945,3605,3715,335000,3184
2006-01-06,3815,3815,3635,3725,175800,3193
2006-01-09,3785,3980,3765,3920,680200,3360
2006-01-10,3950,4020,3650,3820,374200,3274
2006-01-11,3760,3835,3630,3720,229400,3188
2006-01-12,3680,3750,3610,3670,186100,3145
2006-01-13,3560,3670,3560,3590,161100,3077
2006-01-16,3560,3680,3560,3635,161600,3115
2006-01-17,3640,3730,3550,3550,205200,3043
2006-01-18,3550,3550,3230,3365,317300,2884
2006-01-19,3310,3450,3300,3370,130800,2888
2006-01-20,3335,3400,2975,3000,369200,2571
2006-01-23,2760,2870,2550,2560,455300,2194
2006-01-24,2600,2715,2290,2660,332300,2280
2006-01-25,2680,3055,2680,2950,381200,2528
2006-01-26,2900,2950,2820,2950,116000,2528
2006-01-27,3050,3290,2950,3100,269800,2657
2006-01-31,3100,3170,3005,3110,155500,2665
2006-02-01,3075,3100,2780,2835,251900,2430
2006-02-02,2900,3060,2800,2870,139600,2460
2006-02-03,2800,3045,2730,3045,197200,2610
2006-02-06,3390,3500,3345,3500,705000,3000
2006-02-07,3650,3740,3280,3535,1036600,3030
2006-02-08,3740,3785,3410,3490,650700,2991
2006-02-09,3500,3570,3330,3510,509500,3008
2006-02-10,3450,3490,3340,3345,319600,2867
2006-02-13,3350,3455,3270,3355,254000,2875
2006-02-14,3370,3390,3150,3260,293000,2794
2006-02-15,3260,3300,3070,3100,343700,2657
2006-02-16,3040,3260,2980,3130,286300,2683
2006-02-17,3130,3430,3130,3240,589700,2777
2006-02-20,3260,3340,3160,3250,185500,2785
2006-02-21,3275,3365,3200,3250,255400,2785
2006-02-22,3220,3350,3220,3350,260300,2871
2006-02-23,3440,3460,3310,3380,213800,2897
2006-02-24,3335,3380,3225,3255,165300,2790
2006-02-27,3255,3290,3175,3220,175200,2760
2006-02-28,3220,3250,3190,3200,141800,2743
2006-03-02,3260,3260,3185,3185,144400,2730
2006-03-03,3150,3200,3085,3125,156300,2678
2006-03-06,3110,3320,3080,3220,169500,2760
2006-03-07,3250,3450,3220,3350,434600,2871
2006-03-08,3350,3600,3175,3600,429700,3085
2006-03-09,3580,3640,3460,3540,418800,3034
2006-03-10,3710,4030,3500,3800,1736400,3257
2006-03-13,3770,3880,3660,3750,497700,3214
2006-03-14,3700,3710,3465,3500,508300,3000
2006-03-15,3570,4025,3505,4025,3733400,3450
2006-03-16,3990,3990,3650,3720,1650100,3188
2006-03-17,3800,4180,3730,3850,2816800,3300
2006-03-20,3760,3810,3570,3600,953300,3085
2006-03-21,3610,3635,3475,3550,1050100,3043
2006-03-22,3700,3735,3470,3470,1526100,2974
2006-03-23,3540,3540,3270,3335,689200,2858
2006-03-24,3275,3520,3270,3275,811700,2807
2006-03-27,3380,3425,3265,3315,719500,2841
2006-03-28,3315,3390,3275,3280,492900,2811
2006-03-29,3215,3500,3135,3500,829300,3000
2006-03-30,3500,3500,3360,3370,601700,2888
2006-03-31,3370,3435,3300,3335,464200,2858
2006-04-03,3345,3415,3340,3340,390000,2863
2006-04-04,3310,3360,3285,3285,285700,2815
2006-04-05,3285,3340,3250,3310,436600,2837
2006-04-06,3320,3350,3230,3230,296900,2768
2006-04-07,3250,3280,3195,3200,282100,2743
2006-04-10,3390,3470,3250,3270,759200,2803
2006-04-11,3365,3435,3280,3370,912500,2888
2006-04-12,3275,3390,3180,3235,756600,2773
2006-04-13,3240,3270,3210,3210,283800,2751
2006-04-14,3210,3500,3180,3470,767400,2974
2006-04-17,3470,3520,3365,3375,326600,2893
2006-04-18,3465,3500,3370,3390,566900,2905
2006-04-19,3470,3470,3325,3325,340500,2850
2006-04-20,3325,3375,3275,3340,204800,2863
2006-04-21,3380,3400,3265,3265,346600,2798
2006-04-24,3280,3400,3255,3280,372800,2811
2006-04-25,3280,3300,3090,3100,329600,2657
2006-04-26,3100,3150,3065,3085,224800,2644
2006-04-27,3085,3110,2985,3050,211500,2614
2006-04-28,3010,3170,3010,3145,229600,2695
2006-05-02,3180,3215,3000,3155,195200,2704
2006-05-03,3180,3300,3100,3100,732100,2657
2006-05-04,3140,3275,3055,3220,230800,2760
2006-05-08,3220,3250,3175,3180,207800,2725
2006-05-09,3130,3180,3090,3165,198800,2713
2006-05-10,3200,3200,3105,3105,155500,2661
2006-05-11,3085,3390,3085,3345,293900,2867
2006-05-12,3300,3370,3240,3275,264400,2807
2006-05-15,3275,3395,3235,3275,388100,2807
2006-05-16,3275,3350,3050,3080,445800,2640
2006-05-17,3100,3185,3065,3180,228700,2725
2006-05-18,3130,3130,2975,3000,231300,2571
2006-05-19,2950,3085,2950,3045,227200,2610
2006-05-22,3050,3125,3030,3030,144700,2597
2006-05-23,3105,3105,3000,3030,118600,2597
2006-05-24,2985,3060,2960,3030,102800,2597
2006-05-25,3040,3070,2905,2905,170600,2490
2006-05-26,2980,2990,2895,2935,151400,2515
2006-05-29,3000,3020,2950,2995,65800,2567
2006-05-30,3000,3045,2920,2940,75600,2520
2006-06-01,2920,2960,2815,2815,62900,2413
2006-06-02,2820,2885,2720,2780,104600,2383
2006-06-05,2745,2775,2705,2720,40200,2331
2006-06-07,2650,2730,2515,2550,94700,2185
2006-06-08,2460,2635,2450,2530,67600,2168
2006-06-09,2595,2675,2550,2600,49200,2228
2006-06-12,2600,2840,2600,2840,75800,2434
2006-06-13,2740,2900,2665,2760,83300,2365
2006-06-14,2760,2810,2660,2790,29400,2391
2006-06-15,2875,2875,2750,2765,17900,2370
2006-06-16,2865,2900,2780,2870,43700,2460
2006-06-19,2890,2890,2770,2770,10600,2374
2006-06-20,2770,2770,2650,2700,21800,2314
2006-06-21,2700,2785,2640,2680,10100,2297
2006-06-22,2780,2780,2700,2715,36600,2327
2006-06-23,2710,2730,2650,2655,30600,2275
2006-06-26,2655,2695,2635,2660,26500,2280
2006-06-27,2665,2730,2650,2695,13100,2310
2006-06-28,2775,2775,2650,2675,13900,2293
2006-06-29,2685,2760,2685,2750,27100,2357
2006-06-30,2790,2900,2770,2815,32900,2413
2006-07-03,2860,2860,2760,2770,11600,2374
2006-07-04,2770,2820,2770,2790,7100,2391
2006-07-05,2760,2760,2680,2690,48000,2305
2006-07-06,2690,2750,2650,2690,30700,2305
2006-07-07,2710,2720,2675,2690,37500,2305
2006-07-10,2695,2750,2670,2750,26700,2357
2006-07-11,2745,2760,2695,2755,44000,2361
2006-07-12,2785,2790,2700,2710,36600,2323
2006-07-13,2685,2730,2670,2695,44400,2310
2006-07-14,2670,2710,2610,2675,38100,2293
2006-07-18,2630,2640,2550,2550,61800,2185
2006-07-19,2580,2580,2500,2515,57000,2155
2006-07-20,2535,2575,2535,2565,23400,2198
2006-07-21,2510,2600,2510,2555,24700,2190
2006-07-24,2595,2595,2515,2535,7900,2173
2006-07-25,2545,2620,2540,2540,24800,2177
2006-07-26,2590,2650,2540,2595,33200,2224
2006-07-27,2570,2860,2560,2595,109200,2224
2006-07-28,2660,2660,2595,2620,19400,2245
2006-07-31,2690,2690,2605,2605,29700,2233
2006-08-01,2605,2615,2580,2580,32600,2211
2006-08-02,2540,2580,2540,2555,14600,2190
2006-08-03,2575,2640,2550,2615,46200,2241
2006-08-04,2645,2645,2575,2580,29900,2211
2006-08-07,2600,2655,2550,2580,26800,2211
2006-08-08,2580,2595,2560,2595,16400,2224
2006-08-09,2575,2640,2550,2605,37100,2233
2006-08-10,2580,2700,2580,2650,42700,2271
2006-08-11,2650,2740,2645,2670,47900,2288
2006-08-14,2690,2725,2660,2660,36600,2280
2006-08-16,2725,2725,2650,2670,23100,2288
2006-08-17,2670,2715,2670,2690,30000,2305
2006-08-18,2720,2720,2620,2660,21600,2280
2006-08-21,2650,2695,2580,2610,36800,2237
2006-08-22,2620,2650,2610,2620,14200,2245
2006-08-23,2630,2660,2600,2660,55500,2280
2006-08-24,2675,2725,2645,2680,86000,2297
2006-08-25,2670,2750,2670,2710,62100,2323
2006-08-28,2700,2770,2700,2730,29600,2340
2006-08-29,2765,2970,2760,2930,421000,2511
2006-08-30,2930,2960,2800,2930,336200,2511
2006-08-31,2920,3045,2855,2970,181100,2545
2006-09-01,2880,2965,2750,2830,231500,2425
2006-09-04,2870,2870,2770,2770,114900,2374
2006-09-05,2780,2810,2780,2800,62000,2400
2006-09-06,2800,2850,2760,2825,126800,2421
2006-09-07,2800,2865,2760,2795,199700,2395
2006-09-08,2810,2950,2780,2830,194400,2425
2006-09-11,2870,2870,2770,2770,77200,2374
2006-09-12,2775,2795,2740,2740,57000,2348
2006-09-13,2745,2815,2740,2765,51600,2370
2006-09-14,2780,2820,2760,2820,49500,2417
2006-09-15,2830,2830,2790,2810,30500,2408
2006-09-18,2815,2830,2795,2810,67300,2408
2006-09-19,2835,2835,2790,2790,66800,2391
2006-09-20,2780,2795,2700,2710,126000,2323
2006-09-21,2720,2785,2715,2735,104200,2344
2006-09-22,2720,2735,2680,2690,70700,2305
2006-09-25,2690,2720,2640,2670,35100,2288
2006-09-26,2680,2680,2600,2625,87600,2250
2006-09-27,2625,2660,2600,2645,47900,2267
2006-09-28,2650,2665,2630,2655,28400,2275
2006-09-29,2630,2720,2630,2700,40500,2314
2006-10-02,2700,2730,2650,2650,30200,2271
2006-10-04,2670,2670,2605,2615,20000,2241
2006-10-09,2605,2630,2225,2280,132300,1954
2006-10-10,2300,2620,2300,2620,119600,2245
2006-10-11,2500,2610,2500,2565,26800,2198
2006-10-12,2640,2700,2570,2650,45600,2271
2006-10-13,2670,2710,2620,2660,33900,2280
2006-10-16,2660,2700,2625,2630,34400,2254
2006-10-17,2635,2635,2590,2630,60200,2254
2006-10-18,2570,2630,2570,2630,12200,2254
2006-10-19,2630,2635,2570,2635,20600,2258
2006-10-20,2580,2635,2580,2605,21300,2233
2006-10-23,2605,2670,2605,2635,16100,2258
2006-10-24,2635,2730,2630,2700,53100,2314
2006-10-25,2700,2765,2695,2745,34300,2353
2006-10-26,2745,2750,2690,2690,12000,2305
2006-10-27,2690,2725,2625,2685,11600,2301
2006-10-30,2655,2670,2620,2670,19900,2288
2006-10-31,2640,2670,2620,2640,21100,2263
2006-11-01,2640,2750,2635,2680,108600,2297
2006-11-02,2680,2695,2665,2680,20000,2297
2006-11-03,2690,2720,2670,2680,27600,2297
2006-11-06,2680,2730,2620,2700,45000,2314
2006-11-07,2720,2795,2690,2695,126900,2310
2006-11-08,2725,2725,2660,2675,42500,2293
2006-11-09,2690,2750,2675,2750,48900,2357
2006-11-10,2765,2765,2695,2700,48600,2314
2006-11-13,2715,2730,2670,2685,27400,2301
2006-11-14,2695,2800,2685,2785,72600,2387
2006-11-15,2785,2785,2720,2730,80500,2340
2006-11-16,2730,2740,2705,2725,24000,2335
2006-11-17,2730,2810,2700,2755,98100,2361
2006-11-20,2780,2785,2745,2755,26700,2361
2006-11-21,2760,2785,2735,2785,44800,2387
2006-11-22,2770,2880,2770,2800,54200,2400
2006-11-23,2810,2855,2800,2800,52400,2400
2006-11-24,2830,2845,2795,2800,28400,2400
2006-11-27,2790,2800,2750,2770,65700,2374
2006-11-28,2735,2830,2735,2810,20600,2408
2006-11-29,2810,2850,2790,2790,58300,2391
2006-11-30,2780,2900,2780,2850,81900,2443
2006-12-01,2870,2890,2805,2830,46300,2425
2006-12-04,2805,2870,2795,2860,30000,2451
2006-12-05,3090,3285,3070,3285,1467600,2815
2006-12-06,3190,3260,2900,3000,719800,2571
2006-12-07,3060,3450,3000,3100,1757100,2657
2006-12-08,3055,3180,2970,3115,618800,2670
2006-12-11,3160,3380,3125,3140,596700,2691
2006-12-12,3090,3160,3000,3080,394700,2640
2006-12-13,3130,3300,3105,3200,489700,2743
2006-12-14,3200,3435,3150,3355,638700,2875
2006-12-15,3320,3390,3250,3310,267600,2837
2006-12-18,3345,3470,3275,3470,453800,2974
2006-12-19,3485,3600,3385,3430,473600,2940
2006-12-20,3460,3550,3320,3330,317700,2854
2006-12-21,3320,3320,3160,3230,276400,2768
2006-12-22,3275,3600,3225,3440,972000,2948
2006-12-26,3500,3500,3190,3250,279900,2785
2006-12-27,3270,3370,3220,3330,132800,2899
2006-12-28,3290,3405,3260,3330,225800,2899
2007-01-02,3365,3600,3345,3600,367800,3134
2007-01-03,3560,3580,3445,3500,271800,3047
2007-01-04,3570,3570,3350,3350,185500,2916
2007-01-05,3375,3375,3120,3225,315800,2807
2007-01-08,3175,3285,3160,3185,102700,2772
2007-01-09,3170,3225,3135,3155,118000,2746
2007-01-10,3150,3185,3045,3085,127700,2685
2007-01-11,3045,3145,3045,3075,108200,2677
2007-01-12,3100,3200,3080,3120,130900,2716
2007-01-15,3155,3200,3120,3150,72300,2742
2007-01-16,3140,3235,3140,3190,107800,2777
2007-01-17,3180,3190,3100,3165,70500,2755
2007-01-18,3120,3175,3075,3100,96700,2698
2007-01-19,3050,3070,2900,2905,152500,2529
2007-01-22,2870,2935,2860,2915,102000,2537
2007-01-23,3000,3130,2960,3005,196100,2616
2007-01-24,3010,3080,2990,3005,92400,2616
2007-01-25,3050,3080,3010,3070,65500,2672
2007-01-26,3020,3120,2980,3050,76700,2655
2007-01-29,3080,3155,3055,3060,150800,2664
2007-01-30,3090,3115,3060,3085,68100,2685
2007-01-31,3075,3120,3025,3060,81800,2664
2007-02-01,3075,3105,3030,3060,97000,2664
2007-02-02,3070,3175,3070,3155,205700,2746
2007-02-05,3280,3280,3130,3165,181800,2755
2007-02-06,3165,3195,3120,3160,87700,2751
2007-02-07,3160,3295,3145,3245,158800,2825
2007-02-08,3290,3310,3210,3255,186200,2833
2007-02-09,3260,3290,3190,3280,135800,2855
2007-02-12,3240,3240,3140,3170,130300,2759
2007-02-13,3180,3220,3170,3215,82300,2798
2007-02-14,3265,3265,3195,3225,119200,2807
2007-02-15,3230,3265,3140,3160,106200,2751
2007-02-16,3130,3145,3045,3080,141900,2681
2007-02-20,3080,3090,2980,3070,60000,2672
2007-02-21,3070,3080,3000,3040,89500,2646
2007-02-22,3165,3170,3115,3165,179700,2755
2007-02-23,3150,3150,3015,3055,164600,2659
2007-02-26,3055,3080,3015,3025,102800,2633
2007-02-27,3025,3040,2965,2965,128800,2581
2007-02-28,2800,2910,2770,2900,132900,2524
2007-03-05,2900,2970,2850,2870,180700,2498
2007-03-06,2870,2925,2870,2920,67100,2542
2007-03-07,2970,2970,2905,2925,58500,2546
2007-03-08,2970,3050,2970,2970,185500,2585
2007-03-09,2970,2970,2925,2945,88600,2563
2007-03-12,2955,2990,2940,2945,86200,2563
2007-03-13,2915,2950,2915,2945,116100,2563
2007-03-14,2900,2980,2890,2905,79000,2529
2007-03-15,2920,2955,2915,2935,88500,2555
2007-03-16,2935,3020,2920,2960,101000,2576
2007-03-19,2975,3050,2975,3050,155900,2655
2007-03-20,3075,3080,2990,3005,124500,2616
2007-03-21,3050,3050,2990,2990,80700,2603
2007-03-22,3030,3030,2990,3010,136500,2620
2007-03-23,3010,3190,3010,3140,288900,2733
2007-03-26,3120,3180,3055,3055,143900,2659
2007-03-27,3060,3135,3050,3055,135000,2659
2007-03-28,3055,3070,2950,2975,149900,2590
2007-03-29,2975,3015,2940,2980,119100,2594
2007-03-30,2990,2990,2945,2955,83800,2572
2007-04-02,2995,3025,2900,2955,225600,2572
2007-04-03,2950,2970,2905,2905,141900,2529
2007-04-04,2920,2960,2910,2935,112800,2555
2007-04-05,2935,2970,2930,2970,122400,2585
2007-04-06,2975,2990,2940,2950,103600,2568
2007-04-09,2950,2990,2935,2950,89300,2568
2007-04-10,2975,2985,2920,2955,140900,2572
2007-04-11,2950,3010,2945,2995,169400,2607
2007-04-12,2995,3035,2980,3020,119300,2629
2007-04-13,3035,3035,2975,3000,148400,2611
2007-04-16,3000,3030,2985,3005,122300,2616
2007-04-17,3020,3125,2980,3075,272800,2677
2007-04-18,3095,3130,3025,3030,143000,2637
2007-04-19,3040,3070,2945,2960,189300,2576
2007-04-20,2970,2990,2940,2940,97800,2559
2007-04-23,2970,2970,2915,2945,92000,2563
2007-04-24,2950,2960,2895,2905,99400,2529
2007-04-25,2905,2940,2890,2915,74400,2537
2007-04-26,2925,3140,2925,2990,312600,2603
2007-04-27,3040,3070,2970,3005,75600,2616
2007-04-30,2975,3085,2975,3040,94000,2646
2007-05-02,3040,3130,3000,3120,180900,2716
2007-05-03,3130,3150,3040,3070,116300,2672
2007-05-04,3070,3110,3005,3060,93800,2664
2007-05-07,3070,3095,3015,3035,139500,2642
2007-05-08,3070,3300,3050,3145,615300,2738
2007-05-09,3160,3220,3105,3105,199100,2703
2007-05-10,3115,3145,3060,3100,154900,2698
2007-05-11,3065,3170,3025,3170,165200,2759
2007-05-14,3280,3500,3200,3295,612000,2868
2007-05-15,3375,3400,3275,3365,316400,2929
2007-05-16,3415,3495,3330,3420,403300,2977
2007-05-17,3480,3480,3370,3430,90100,2986
2007-05-18,3470,3710,3400,3685,646300,3208
2007-05-21,3660,3760,3550,3640,241000,3168
2007-05-22,3600,3640,3450,3610,252700,3142
2007-05-23,3610,3650,3440,3440,82400,2994
2007-05-25,3455,3530,3340,3530,182400,3073
2007-05-28,3550,3565,3420,3495,194600,3042
2007-05-29,3510,3510,3345,3395,155000,2955
2007-05-30,3365,3415,3220,3265,210200,2842
2007-05-31,3300,3355,3265,3300,115400,2872
2007-06-01,3330,3460,3300,3310,150000,2881
2007-06-04,3555,3805,3500,3805,1463500,3312
2007-06-05,3740,3855,3570,3590,838200,3125
2007-06-07,3500,3590,3430,3590,500000,3125
2007-06-08,3670,3815,3530,3530,557700,3073
2007-06-11,3600,3775,3515,3515,400000,3060
2007-06-12,3550,3715,3520,3635,255900,3164
2007-06-13,3585,3715,3560,3635,197200,3164
2007-06-14,3670,3720,3600,3650,218900,3177
2007-06-15,3770,4080,3730,3865,1052500,3364
2007-06-18,3970,4040,3870,3915,366200,3408
2007-06-19,3950,3950,3775,3815,279200,3321
2007-06-20,3895,3955,3730,3740,218800,3256
2007-06-21,3720,3800,3700,3725,202500,3242
2007-06-22,3795,3795,3510,3540,411000,3081
2007-06-25,3505,3645,3500,3555,136500,3094
2007-06-26,3570,3630,3475,3480,156900,3029
2007-06-27,3510,3530,3315,3390,125500,2951
2007-06-28,3400,3450,3365,3450,94600,3003
2007-06-29,3455,3500,3370,3400,58200,2960
2007-07-02,3365,3500,3360,3430,67300,2986
2007-07-03,3460,3485,3425,3480,63200,3029
2007-07-04,3480,3515,3430,3455,83900,3007
2007-07-05,3455,3475,3420,3475,102700,3025
2007-07-06,3475,3620,3450,3580,107900,3116
2007-07-09,3600,3655,3540,3580,101300,3116
2007-07-10,3600,3650,3560,3575,73000,3112
2007-07-11,3575,3600,3520,3580,70800,3116
2007-07-12,3560,3795,3555,3685,231900,3208
2007-07-13,3755,3755,3565,3610,94300,3142
2007-07-16,3600,3610,3450,3500,127200,3047
2007-07-18,3500,3530,3475,3480,82300,3029
2007-07-19,3500,3560,3475,3500,38400,3047
2007-07-20,3540,3600,3500,3590,78600,3125
2007-07-23,3590,3630,3060,3540,77300,3081
2007-07-24,3510,3550,3385,3545,104400,3086
2007-07-25,3565,3565,3460,3510,40700,3055
2007-07-26,3480,3525,3470,3515,44100,3060
2007-07-27,3395,3475,3395,3425,39500,2981
2007-07-30,3470,3610,3425,3560,139000,3099
2007-07-31,3600,3605,3475,3550,79000,3090
2007-08-01,3500,3545,3450,3450,85600,3003
2007-08-02,3460,3520,3400,3465,64400,3016
2007-08-03,3465,3500,3405,3405,65100,2964
2007-08-06,3400,3445,3360,3400,43500,2960
2007-08-07,3470,3470,3370,3425,75200,2981
2007-08-08,3400,3425,3275,3350,71200,2916
2007-08-09,3395,3450,3370,3400,81200,2960
2007-08-10,3315,3400,3255,3255,114400,2833
2007-08-14,3295,3385,3240,3260,88600,2838
2007-08-16,3240,3240,2860,2900,145700,2524
2007-08-17,2810,2900,2750,2825,240500,2459
2007-08-20,2950,3000,2870,2995,80500,2607
2007-08-21,2960,3040,2950,3010,53200,2620
2007-08-22,3050,3100,3020,3100,50100,2698
2007-08-23,3140,3180,3080,3125,83200,2720
2007-08-24,3130,3175,3070,3130,34200,2724
2007-08-27,3115,3190,3115,3155,43000,2746
2007-08-28,3100,3170,3100,3120,20200,2716
2007-08-29,3050,3125,3030,3120,34900,2716
2007-08-30,3160,3160,3090,3110,59800,2707
2007-08-31,3115,3200,3110,3165,51800,2755
2007-09-03,3230,3290,3190,3220,66900,2803
2007-09-04,3285,3285,3180,3200,41800,2785
2007-09-05,3220,3255,3110,3110,58700,2707
2007-09-06,3080,3160,3070,3150,28600,2742
2007-09-07,3150,3180,3125,3155,61900,2746
2007-09-10,3150,3350,3130,3310,224700,2881
2007-09-11,3365,3400,3260,3280,101300,2855
2007-09-12,3300,3300,3205,3285,85400,2859
2007-09-13,3220,3300,3210,3250,125200,2829
2007-09-14,3260,3350,3240,3270,57600,2846
2007-09-17,3275,3295,3220,3220,36700,2803
2007-09-18,3210,3300,3210,3240,66500,2820
2007-09-19,3260,3280,3205,3245,59600,2825
2007-09-20,3220,3240,3170,3175,66600,2764
2007-09-21,3140,3175,3110,3150,64800,2742
2007-09-27,3175,3195,3140,3140,48300,2733
2007-09-28,3110,3190,3110,3125,36000,2720
2007-10-01,3170,3235,3130,3205,67000,2790
2007-10-02,3210,3250,3175,3240,59900,2820
2007-10-04,3265,3355,3265,3305,99500,2877
2007-10-05,3345,3490,3265,3330,225500,2899
2007-10-08,3365,3415,3315,3320,130900,2890
2007-10-09,3370,3370,3215,3235,121800,2816
2007-10-10,3220,3270,3190,3200,91800,2785
2007-10-11,3225,3360,3225,3320,230300,2890
2007-10-12,3390,3390,3205,3255,213800,2833
2007-10-15,3250,3290,3125,3135,91300,2729
2007-10-16,3110,3160,3075,3110,96600,2707
2007-10-17,3025,3080,2945,3000,96300,2611
2007-10-18,3025,3090,2995,3050,54100,2655
2007-10-19,3035,3100,3000,3045,35000,2650
2007-10-22,2800,2955,2800,2890,63500,2516
2007-10-23,2900,3025,2900,2980,58700,2594
2007-10-24,3010,3010,2930,2935,49500,2555
2007-10-25,2925,3005,2900,2935,63900,2555
2007-10-26,3050,3180,3015,3170,144000,2759
2007-10-29,3120,3180,3055,3055,42600,2659
2007-10-30,3045,3045,2930,2950,139800,2568
2007-10-31,2970,3040,2950,3000,39400,2611
2007-11-01,3010,3010,2930,2930,46000,2550
2007-11-02,2885,2965,2845,2870,51400,2498
2007-11-05,2895,2950,2880,2930,21700,2550
2007-11-06,2930,2980,2890,2915,38900,2537
2007-11-07,2915,2945,2870,2890,45400,2516
2007-11-08,2800,2850,2790,2815,82900,2450
2007-11-09,2805,2850,2800,2820,27600,2455
2007-11-12,2800,2800,2710,2720,68600,2368
2007-11-13,2690,2755,2650,2725,48500,2372
2007-11-14,2745,2780,2700,2750,50200,2394
2007-11-15,2720,2800,2700,2750,50500,2394
2007-11-16,2710,2820,2710,2780,31700,2420
2007-11-19,2760,2825,2760,2805,21900,2442
2007-11-20,2795,2800,2730,2770,21200,2411
2007-11-21,2820,2820,2700,2750,40300,2394
2007-11-22,2720,2770,2700,2730,18600,2376
2007-11-23,2710,2760,2635,2685,40900,2337
2007-11-26,2720,2735,2670,2700,34700,2350
2007-11-27,2635,2720,2585,2660,95400,2315
2007-11-28,2685,2700,2660,2685,30200,2337
2007-11-29,2655,2725,2655,2685,21500,2337
2007-11-30,2700,2715,2680,2700,20100,2350
2007-12-03,2685,2700,2625,2700,36000,2350
2007-12-04,2700,2755,2660,2700,49500,2350
2007-12-05,2725,2780,2700,2765,23100,2407
2007-12-06,2745,2800,2745,2775,24000,2415
2007-12-07,2775,2840,2760,2830,38500,2463
2007-12-10,2860,2860,2770,2830,16700,2463
2007-12-11,2830,2850,2765,2815,27600,2450
2007-12-12,2795,2800,2720,2800,26100,2437
2007-12-13,2750,2750,2630,2640,142800,2298
2007-12-14,2640,2675,2630,2650,25100,2307
2007-12-17,2650,2695,2615,2645,39000,2302
2007-12-18,2600,2800,2600,2685,69600,2337
2007-12-20,2690,2690,2630,2660,28000,2315
2007-12-21,2660,2685,2615,2660,40500,2315
2007-12-24,2720,2720,2660,2685,58300,2337
2007-12-26,2715,2800,2715,2790,60800,2428
2007-12-27,2790,2860,2735,2770,56400,2455
2007-12-28,2760,2815,2730,2815,33982,2495
2008-01-02,2800,2830,2750,2795,30946,2477
2008-01-03,2790,2810,2740,2780,21454,2464
2008-01-04,2800,2805,2745,2780,25805,2464
2008-01-07,2730,2740,2680,2700,25839,2393
2008-01-08,2735,2765,2650,2695,60918,2389
2008-01-09,2595,2670,2595,2620,65120,2322
2008-01-10,2640,2670,2620,2660,43802,2358
2008-01-11,2680,2680,2600,2610,30946,2313
2008-01-14,2600,2635,2575,2575,27253,2282
2008-01-15,2585,2630,2540,2575,59018,2282
2008-01-16,2515,2555,2460,2460,40708,2180
2008-01-17,2480,2500,2435,2480,24608,2198
2008-01-18,2450,2550,2410,2550,15943,2260
2008-01-21,2555,2570,2480,2560,19043,2269
2008-01-22,2540,2550,2180,2420,103050,2145
2008-01-23,2515,2515,2410,2460,28056,2180
2008-01-24,2430,2825,2430,2590,480045,2296
2008-01-25,2610,2610,2525,2525,77724,2238
2008-01-28,2530,2600,2525,2560,28630,2269
2008-01-29,2575,2620,2565,2610,54341,2313
2008-01-30,2590,2615,2505,2550,53980,2260
2008-01-31,2500,2550,2500,2530,16964,2242
2008-02-01,2530,2800,2520,2635,228672,2335
2008-02-04,2655,2715,2655,2695,50053,2389
2008-02-05,2660,2730,2650,2705,32944,2397
2008-02-11,2620,2780,2620,2705,31347,2397
2008-02-12,2720,2800,2705,2780,51388,2464
2008-02-13,2785,2785,2740,2780,31987,2464
2008-02-14,2780,2800,2730,2770,32344,2455
2008-02-15,2765,2765,2675,2700,66094,2393
2008-02-18,2700,2700,2650,2675,41203,2371
2008-02-19,2655,2715,2655,2710,27319,2402
2008-02-20,2710,2710,2660,2700,15506,2393
2008-02-21,2730,2730,2670,2705,20413,2397
2008-02-22,2680,2785,2670,2750,48878,2437
2008-02-25,2790,2975,2740,2910,251684,2579
2008-02-26,2910,2965,2865,2910,58094,2579
2008-02-27,2960,2960,2815,2850,46241,2526
2008-02-28,2815,2860,2780,2840,30433,2517
2008-02-29,2850,2885,2800,2880,37391,2553
2008-03-03,2970,3045,2760,2775,365381,2460
2008-03-04,2810,2835,2720,2770,69552,2455
2008-03-05,2750,2780,2725,2760,48862,2446
2008-03-06,2770,2810,2760,2770,28209,2455
2008-03-07,2750,2780,2710,2755,33846,2442
2008-03-10,2705,2710,2620,2620,36728,2322
2008-03-11,2610,2650,2560,2635,31383,2335
2008-03-12,2660,2680,2630,2630,28991,2331
2008-03-13,2615,2640,2600,2620,22970,2322
2008-03-14,2625,2670,2595,2625,46153,2327
2008-03-17,2600,2640,2500,2535,44679,2247
2008-03-18,2515,2570,2475,2540,26666,2251
2008-03-19,2565,2600,2550,2560,27900,2269
2008-03-20,2505,2580,2505,2570,37861,2278
2008-03-21,2575,2610,2570,2590,24884,2296
2008-03-24,2590,2610,2550,2600,14189,2304
2008-03-25,2625,2630,2575,2600,35936,2304
2008-03-26,2575,2675,2565,2575,93439,2282
2008-03-27,2585,2590,2560,2575,12141,2282
2008-03-28,2555,2580,2555,2575,11568,2282
2008-03-31,2560,2585,2550,2580,19958,2287
2008-04-01,2600,2600,2560,2580,25028,2287
2008-04-02,2595,2595,2520,2540,65349,2251
2008-04-03,2550,2575,2525,2560,37617,2269
2008-04-04,2565,2570,2540,2545,32372,2256
2008-04-07,2600,2600,2550,2595,12496,2300
2008-04-08,2595,2595,2550,2570,15006,2278
2008-04-10,2550,2580,2530,2565,20756,2273
2008-04-11,2520,2590,2520,2575,34794,2282
2008-04-14,2575,2575,2515,2550,19041,2260
2008-04-15,2520,2565,2520,2560,8460,2269
2008-04-16,2545,2560,2540,2560,29663,2269
2008-04-17,2560,2580,2550,2560,12221,2269
2008-04-18,2555,2590,2550,2590,30462,2296
2008-04-21,2580,2600,2570,2570,20817,2278
2008-04-22,2575,2615,2570,2590,38499,2296
2008-04-23,2625,2630,2575,2620,37176,2322
2008-04-24,2580,2635,2580,2610,30002,2313
2008-04-25,2645,2645,2600,2635,29266,2335
2008-04-28,2635,2635,2590,2610,25003,2313
2008-04-29,2580,2640,2580,2600,11720,2304
2008-04-30,2600,2620,2580,2610,18285,2313
2008-05-02,2600,2645,2595,2630,45565,2331
2008-05-06,2640,2655,2610,2635,47176,2335
2008-05-07,2645,2645,2570,2590,71164,2296
2008-05-08,2580,2600,2555,2580,41236,2287
2008-05-09,2580,2605,2570,2585,46031,2291
2008-05-13,2570,2595,2535,2560,42098,2269
2008-05-14,2700,2940,2660,2940,374021,2606
2008-05-15,2895,3030,2785,2910,973886,2579
2008-05-16,2905,2925,2785,2800,248564,2482
2008-05-19,2810,3020,2750,2910,470639,2579
2008-05-20,2910,2990,2850,2905,211021,2575
2008-05-21,2880,2920,2760,2810,174861,2491
2008-05-22,2755,2800,2725,2760,78175,2446
2008-05-23,2775,2785,2645,2650,256617,2349
2008-05-26,2670,2700,2650,2680,77720,2375
2008-05-27,2695,2695,2640,2680,41295,2375
2008-05-28,2680,2845,2680,2770,186467,2455
2008-05-29,2770,2800,2720,2780,96683,2464
2008-05-30,2785,2850,2775,2845,80857,2522
2008-06-02,2845,2875,2780,2840,22038,2517
2008-06-03,2850,2850,2750,2780,73664,2464
2008-06-04,2765,2765,2705,2710,52312,2402
2008-06-05,2705,2730,2695,2720,30933,2411
2008-06-09,2650,2690,2620,2675,75106,2371
2008-06-10,2695,2695,2640,2670,22243,2366
2008-06-11,2670,2700,2640,2670,31506,2366
2008-06-12,2670,2670,2610,2620,63623,2322
2008-06-13,2625,2650,2605,2630,43727,2331
2008-06-16,2650,2670,2635,2640,26186,2340
2008-06-17,2640,2665,2580,2645,58954,2344
2008-06-18,2600,2650,2600,2630,45783,2331
2008-06-19,2610,2635,2575,2580,39871,2287
2008-06-20,2580,2645,2580,2630,18444,2331
2008-06-23,2630,2630,2585,2620,21841,2322
2008-06-24,2595,2630,2580,2595,34195,2300
2008-06-25,2585,2595,2560,2560,16080,2269
2008-06-26,2560,2605,2545,2560,62194,2269
2008-06-27,2500,2585,2495,2545,58093,2256
2008-06-30,2520,2550,2495,2535,41918,2247
2008-07-01,2505,2540,2420,2440,49116,2163
2008-07-02,2440,2440,2300,2350,98720,2083
2008-07-03,2260,2420,2200,2400,49270,2127
2008-07-04,2320,2410,2320,2375,9865,2105
2008-07-07,2305,2370,2290,2300,15101,2038
2008-07-08,2350,2645,2350,2420,218548,2145
2008-07-09,2600,2610,2430,2520,145340,2233
2008-07-10,2420,2600,2345,2540,73687,2251
2008-07-11,2495,2550,2440,2500,45748,2216
2008-07-14,2450,2490,2400,2435,32104,2158
2008-07-15,2380,2395,2285,2340,83133,2074
2008-07-16,2330,2365,2270,2330,26212,2065
2008-07-17,2340,2360,2330,2330,45383,2065
2008-07-18,2340,2380,2305,2305,41880,2043
2008-07-21,2305,2350,2305,2345,22842,2078
2008-07-22,2345,2345,2305,2305,28485,2043
2008-07-23,2315,2355,2315,2320,33827,2056
2008-07-24,2355,2375,2330,2375,28913,2105
2008-07-25,2340,2370,2335,2350,19303,2083
2008-07-28,2360,2390,2345,2355,21073,2087
2008-07-29,2315,2345,2305,2330,15300,2065
2008-07-30,2345,2360,2310,2310,25800,2047
2008-07-31,2315,2335,2290,2310,21700,2047
2008-08-01,2300,2315,2285,2315,20900,2052
2008-08-04,2300,2345,2290,2315,14100,2052
2008-08-05,2380,2380,2285,2310,18900,2047
2008-08-06,2325,2325,2250,2320,30600,2056
2008-08-07,2300,2310,2270,2300,13700,2038
2008-08-08,2295,2300,2275,2300,20100,2038
2008-08-11,2320,2365,2300,2360,16100,2092
2008-08-12,2320,2360,2310,2335,15400,2069
2008-08-13,2320,2335,2280,2310,24100,2047
2008-08-14,2290,2325,2280,2325,30200,2061
2008-08-18,2305,2305,2255,2270,27629,2012
2008-08-19,2240,2265,2210,2250,30212,1994
2008-08-20,2220,2260,2215,2235,6964,1981
2008-08-21,2220,2245,2180,2235,33993,1981
2008-08-22,2200,2220,2130,2220,18699,1968
2008-08-25,2170,2210,2120,2145,52750,1901
2008-08-26,2060,2140,2060,2125,5697,1883
2008-08-27,2140,2245,2105,2175,39585,1928
2008-08-28,2200,2200,2125,2180,5610,1932
2008-08-29,2145,2180,2100,2150,7341,1905
2008-09-01,2105,2150,2020,2090,7402,1852
2008-09-02,2025,2090,1850,1920,27368,1702
2008-09-03,1835,1940,1835,1925,17791,1706
2008-09-04,1940,1990,1935,1990,14485,1764
2008-09-05,1910,1975,1905,1960,9458,1737
2008-09-08,2080,2200,2070,2125,125009,1883
2008-09-09,2100,2150,2025,2050,31659,1817
2008-09-10,2090,2090,2010,2055,13968,1821
2008-09-11,2080,2150,2045,2105,22779,1866
2008-09-12,2090,2160,2090,2150,7162,1905
2008-09-16,1980,2090,1940,1970,30813,1746
2008-09-17,1985,2060,1985,2045,30579,1812
2008-09-18,1995,2020,1955,2010,19612,1781
2008-09-19,2080,2080,2035,2065,11524,1830
2008-09-22,2110,2110,2030,2030,14065,1799
2008-09-23,2050,2050,2000,2020,15143,1790
2008-09-24,2000,2030,2000,2025,28223,1795
2008-09-25,2035,2055,2000,2050,20814,1817
2008-09-26,2060,2070,2015,2015,8982,1786
2008-09-29,2030,2095,1955,2000,30321,1772
2008-09-30,1865,1990,1865,1970,29521,1746
2008-10-01,2000,2000,1960,1985,9529,1759
2008-10-02,2100,2100,1970,2000,9372,1772
2008-10-06,2005,2005,1930,1980,10036,1755
2008-10-07,1950,2220,1860,2050,252877,1817
2008-10-08,1980,2015,1850,1935,56134,1715
2008-10-09,1905,1960,1850,1910,54487,1693
2008-10-10,1840,1855,1660,1750,37544,1551
2008-10-13,1780,1850,1760,1830,76414,1622
2008-10-14,1870,1915,1840,1890,40140,1675
2008-10-15,1850,1875,1815,1815,41271,1608
2008-10-16,1690,1750,1610,1675,69575,1484
2008-10-17,1675,1730,1600,1600,65161,1418
2008-10-20,1600,1650,1550,1630,38791,1444
2008-10-21,1630,1660,1600,1610,47237,1427
2008-10-22,1570,1610,1510,1530,37235,1356
2008-10-23,1450,1600,1345,1400,184345,1241
2008-10-24,1405,1470,1190,1230,117793,1090
2008-10-27,1110,1225,1050,1100,98830,975
2008-10-28,1030,1255,1030,1230,64636,1090
2008-10-29,1275,1350,1220,1265,122264,1121
2008-10-30,1280,1420,1265,1415,35932,1254
2008-10-31,1405,1530,1370,1420,94687,1258
2008-11-03,1430,1495,1380,1460,66077,1294
2008-11-04,1505,1670,1460,1525,267469,1351
2008-11-05,1580,1650,1550,1595,181883,1413
2008-11-06,1500,1525,1415,1470,46182,1303
2008-11-07,1395,1510,1375,1500,61331,1329
2008-11-10,1520,1550,1455,1520,46524,1347
2008-11-11,1520,1565,1480,1550,44295,1374
2008-11-12,1500,1535,1480,1480,54650,1312
2008-11-13,1400,1410,1345,1400,83728,1241
2008-11-14,1470,1470,1415,1450,54337,1285
2008-11-17,1450,1450,1430,1450,41523,1285
2008-11-18,1430,1450,1420,1440,24087,1276
2008-11-19,1420,1455,1400,1435,5518,1272
2008-11-20,1400,1425,1310,1310,69698,1161
2008-11-21,1255,1355,1255,1355,21593,1201
2008-11-24,1355,1395,1270,1275,16518,1130
2008-11-25,1350,1390,1315,1360,24859,1205
2008-11-26,1405,1405,1335,1400,15314,1241
2008-11-27,1400,1440,1375,1400,19892,1241
2008-11-28,1405,1420,1380,1390,13437,1232
2008-12-01,1380,1455,1380,1435,41392,1272
2008-12-02,1370,1590,1370,1515,88157,1343
2008-12-03,1525,1560,1490,1520,36935,1347
2008-12-04,1520,1650,1485,1515,56976,1343
2008-12-05,1520,1595,1505,1590,30397,1409
2008-12-08,1690,1825,1690,1825,336859,1617
2008-12-09,1825,1870,1725,1735,133341,1538
2008-12-10,1770,1785,1685,1690,119316,1498
2008-12-11,1700,1850,1700,1785,142999,1582
2008-12-12,1785,1840,1695,1760,83795,1560
2008-12-15,1760,2020,1755,1975,217559,1750
2008-12-16,1960,2030,1925,1970,93174,1746
2008-12-17,1995,2035,1905,1945,46557,1724
2008-12-18,1945,1980,1890,1900,45788,1684
2008-12-19,1910,1945,1835,1925,40808,1706
2008-12-22,1925,1995,1885,1900,23828,1684
2008-12-23,1890,1890,1800,1835,59109,1626
2008-12-24,1820,1975,1765,1815,140923,1608
2008-12-26,1785,1840,1770,1770,42271,1569
2008-12-29,1750,1820,1700,1735,36368,1582
2008-12-30,1735,1760,1690,1730,27237,1578
2009-01-02,1760,1760,1685,1750,10895,1596
2009-01-05,1790,2010,1750,2010,259062,1833
2009-01-06,2030,2310,1940,2310,340898,2107
2009-01-07,2465,2465,2220,2280,131781,2079
2009-01-08,2280,2300,2150,2215,104933,2020
2009-01-09,2270,2545,2220,2545,456729,2321
2009-01-12,2670,2840,2500,2520,222348,2298
2009-01-13,2510,2630,2425,2495,101858,2276
2009-01-14,2595,2650,2495,2600,119937,2371
2009-01-15,2510,2550,2370,2370,63538,2162
2009-01-16,2370,2450,2350,2425,36509,2212
2009-01-19,2475,2530,2295,2340,121395,2134
2009-01-20,2365,2365,2290,2340,26743,2134
2009-01-21,2280,2300,2210,2240,35606,2043
2009-01-22,2280,2495,2250,2345,332548,2139
2009-01-23,2290,2330,2210,2225,62577,2029
2009-01-28,2250,2355,2250,2325,74730,2121
2009-01-29,2290,2355,2270,2290,54943,2089
2009-01-30,2275,2325,2245,2300,30507,2098
2009-02-02,2300,2365,2260,2285,28166,2084
2009-02-03,2290,2330,2260,2315,24538,2111
2009-02-04,2340,2365,2310,2320,21616,2116
2009-02-05,2320,2360,2285,2305,26633,2102
2009-02-06,2320,2355,2275,2310,39867,2107
2009-02-09,2335,2395,2335,2360,51393,2152
2009-02-10,2425,2710,2425,2650,983812,2417
2009-02-11,2550,2835,2500,2675,741831,2440
2009-02-12,2695,2695,2620,2650,213398,2417
2009-02-13,2695,2695,2580,2580,139415,2353
2009-02-16,2590,2635,2530,2535,115706,2312
2009-02-17,2500,2535,2370,2375,131767,2166
2009-02-18,2375,2525,2270,2420,134090,2207
2009-02-19,2555,2735,2495,2640,515139,2408
2009-02-20,2775,2880,2500,2500,729694,2280
2009-02-23,2520,2580,2170,2430,162560,2216
2009-02-24,2400,2555,2370,2430,254741,2216
2009-02-25,2505,2510,2380,2380,113085,2171
2009-02-26,2360,2600,2360,2420,135184,2207
2009-02-27,2460,2470,2380,2415,33143,2203
2009-03-02,2400,2600,2350,2405,137978,2193
2009-03-03,2260,2385,2260,2335,61811,2130
2009-03-04,2335,2430,2320,2400,41499,2189
2009-03-05,2450,2510,2400,2425,92951,2212
2009-03-06,2360,2450,2355,2425,61864,2212
2009-03-09,2475,2525,2425,2520,107261,2298
2009-03-10,2445,2550,2445,2505,55791,2285
2009-03-11,2550,2585,2505,2580,95019,2353
2009-03-12,2580,2660,2540,2625,104003,2394
2009-03-13,2660,2725,2610,2645,160878,2412
2009-03-16,2805,2860,2615,2635,284952,2403
2009-03-17,2715,2795,2615,2650,411143,2417
2009-03-18,2680,2710,2620,2660,131349,2426
2009-03-19,2700,2720,2660,2680,118420,2444
2009-03-20,2675,2860,2675,2860,231560,2609
2009-03-23,2950,2970,2885,2930,66113,2672
2009-03-24,2965,3350,2915,3180,1188056,2900
2009-03-25,3340,3390,3150,3150,715929,2873
2009-03-26,3210,3240,3060,3175,244687,2896
2009-03-27,3180,3200,3050,3050,210257,2782
2009-03-30,2990,3150,2910,2985,188241,2723
2009-03-31,2970,3285,2970,3150,315012,2873
2009-04-01,3190,3255,3090,3185,204115,2905
2009-04-02,3270,3590,3225,3455,527745,3151
2009-04-03,3545,3545,3395,3440,180326,3138
2009-04-06,3440,3650,3440,3550,316039,3238
2009-04-07,3580,3580,3400,3540,200551,3229
2009-04-08,3540,3790,3455,3780,445205,3448
2009-04-09,3830,3980,3800,3830,589851,3493
2009-04-10,3900,3955,3760,3835,235172,3498
2009-04-13,3915,3970,3840,3960,421310,3612
2009-04-14,4070,4070,3800,3880,241415,3539
2009-04-15,4030,4450,4030,4250,1384165,3877
2009-04-16,4350,4350,4115,4115,388070,3753
2009-04-17,4120,4180,3715,3820,460871,3484
2009-04-20,3800,3870,3710,3850,218227,3512
2009-04-21,3815,4095,3710,4030,276231,3676
2009-04-22,4140,4360,4070,4230,475075,3858
2009-04-23,4295,4365,4020,4180,276034,3813
2009-04-24,4300,4300,3995,4170,190724,3804
2009-04-27,4170,4250,3990,4060,276298,3703
2009-04-28,4050,4060,3865,3900,242255,3557
2009-04-29,3940,4080,3750,4030,147696,3676
2009-04-30,4120,4320,4060,4105,328479,3744
2009-05-04,4200,4235,4065,4185,219219,3817
2009-05-06,4240,4550,4150,4320,1186715,3940
2009-05-07,4530,4620,4365,4385,1214747,4000
2009-05-08,4395,4430,4225,4300,295141,3922
2009-05-11,4450,4880,4350,4800,938080,4378
2009-05-12,4800,4930,4610,4725,456414,4310
2009-05-13,4835,5170,4650,5040,542730,4597
2009-05-14,4980,5170,4830,5170,339490,4716
2009-05-15,5310,5390,5010,5160,390135,4707
2009-05-18,5160,5470,4800,4960,656358,4524
2009-05-19,5190,5190,4900,5000,327220,4561
2009-05-20,5120,5270,4965,5200,576092,4743
2009-05-21,5300,5600,5260,5500,501410,5017
2009-05-22,5550,6100,5490,5780,644089,5272
2009-05-25,5780,6090,5200,6000,485840,5473
2009-05-26,6120,6150,5760,5920,292878,5400
2009-05-27,6020,6090,5300,5300,393749,4834
2009-05-28,5160,5430,4510,5150,476460,4698
2009-05-29,5150,5300,5100,5250,201544,4789
2009-06-01,5250,5580,5250,5500,167869,5017
2009-06-02,5660,5820,5480,5630,226106,5136
2009-06-03,5710,5760,5220,5400,347109,4926
2009-06-04,5390,5390,4650,5040,952905,4597
2009-06-05,4990,5080,4850,4950,289025,4515
2009-06-08,4950,5090,4805,4930,282138,4497
2009-06-09,5030,5040,4840,4890,254385,4460
2009-06-10,4800,5060,4800,4925,252504,4492
2009-06-11,4925,4995,4755,4775,222423,4356
2009-06-12,4800,4870,4715,4800,154771,4378
2009-06-15,4770,4820,4740,4755,118515,4337
2009-06-16,4685,4750,4570,4690,182225,4278
2009-06-17,4610,4680,4510,4650,346092,4242
2009-06-18,4730,4945,4700,4760,262051,4342
2009-06-19,4765,4845,4600,4615,153595,4210
2009-06-22,4750,5260,4705,5220,897914,4762
2009-06-23,5060,5060,4810,4875,647232,4447
2009-06-24,4910,4980,4600,4920,458420,4488
2009-06-25,5050,5070,4935,5060,205850,4616
2009-06-26,5340,5360,5060,5140,301477,4689
2009-06-29,5140,5180,5000,5070,188105,4625
2009-06-30,5070,5180,4895,5040,187408,4597
2009-07-01,5040,5140,4970,5110,174897,4661
2009-07-02,5110,5180,4980,5090,177673,4643
2009-07-03,5150,5320,5150,5300,551953,4834
2009-07-06,5370,5500,5180,5360,508738,4889
2009-07-07,5450,5620,5380,5500,385107,5017
2009-07-08,5440,5520,5350,5500,229732,5017
2009-07-09,5530,5880,5450,5820,603063,5309
2009-07-10,5820,5850,5580,5680,305117,5181
2009-07-13,5650,5700,5270,5320,305733,4853
2009-07-14,5380,5670,5380,5550,305653,5063
2009-07-15,5560,5720,5470,5500,256003,5017
2009-07-16,5550,5550,5170,5170,381391,4716
2009-07-17,5390,5390,5190,5360,230060,4889
2009-07-20,5500,5510,5320,5340,251066,4871
2009-07-21,5400,5440,5260,5260,242247,4798
2009-07-22,5260,5380,5120,5320,246423,4853
2009-07-23,5420,5420,5160,5220,118637,4762
2009-07-24,5320,5320,5190,5250,99500,4789
2009-07-27,5250,5400,5190,5320,180229,4853
2009-07-28,5390,5390,5200,5250,175228,4789
2009-07-29,5260,5300,5190,5230,140330,4771
2009-07-30,5260,5350,5190,5250,140452,4789
2009-07-31,5310,5340,5200,5250,150824,4789
2009-08-03,5340,5780,5300,5520,399006,5035
2009-08-04,5600,5600,5340,5340,183450,4871
2009-08-05,5370,5380,5270,5280,150932,4816
2009-08-06,5270,5330,5190,5290,115659,4825
2009-08-07,5330,5420,5210,5390,154032,4917
2009-08-10,5410,5560,5230,5230,521752,4771
2009-08-11,5240,5260,5030,5060,483520,4616
2009-08-12,5060,5060,4925,4950,263966,4515
2009-08-13,4950,5060,4930,5060,351792,4616
2009-08-14,5050,5090,4935,4960,288551,4524
2009-08-17,4940,4990,4825,4825,222654,4401
2009-08-18,4780,4880,4650,4800,148989,4378
2009-08-19,4860,4860,4670,4700,123516,4287
2009-08-20,4700,4785,4650,4780,97085,4360
2009-08-21,4755,4830,4605,4680,156902,4269
2009-08-24,4700,4710,4530,4530,211776,4132
2009-08-25,4490,4550,4355,4400,240220,4013
2009-08-26,4400,4525,4390,4445,179707,4054
2009-08-27,4445,4575,4400,4575,137681,4173
2009-08-28,4595,4810,4590,4750,238118,4333
2009-08-31,4840,4850,4590,4640,143601,4232
2009-09-01,4620,4700,4530,4645,127417,4237
2009-09-02,4600,4840,4475,4610,319157,4205
2009-09-03,4680,4760,4590,4660,212624,4251
2009-09-04,4700,4750,4585,4640,137416,4232
2009-09-07,4650,4800,4615,4785,177582,4365
2009-09-08,4800,5080,4800,5020,337560,4579
2009-09-09,5080,5080,4840,4920,174648,4488
2009-09-10,4920,5040,4850,4935,131507,4502
2009-09-11,4935,4985,4775,4790,138257,4369
2009-09-14,4775,4780,4580,4640,124254,4232
2009-09-15,4680,4685,4555,4600,83901,4196
2009-09-16,4680,4720,4600,4610,115159,4205
2009-09-17,4660,4720,4600,4700,117472,4287
2009-09-18,4740,4740,4575,4590,122796,4187
2009-09-21,4680,4690,4590,4610,70091,4205
2009-09-22,4670,4670,4565,4600,104826,4196
2009-09-23,4635,4635,4390,4410,196218,4023
2009-09-24,4320,4460,4320,4370,103399,3986
2009-09-25,4320,4375,4155,4200,197725,3831
2009-09-28,4200,4250,4115,4185,99480,3817
2009-09-29,4195,4310,4195,4200,77065,3831
2009-09-30,4200,4290,4190,4220,88113,3849
2009-10-01,4225,4310,4175,4200,81930,3831
2009-10-05,4185,4280,4070,4120,66250,3758
2009-10-06,4170,4185,4010,4050,63999,3694
2009-10-07,4050,4075,3885,3920,92764,3576
2009-10-08,3920,4000,3855,3925,70192,3580
2009-10-09,3915,3970,3880,3930,107727,3585
2009-10-12,4025,4210,3970,4200,158721,3831
2009-10-13,4200,4280,4115,4200,61175,3831
2009-10-14,4205,4240,4100,4120,69901,3758
2009-10-15,4200,4200,4055,4065,58306,3708
2009-10-16,4100,4100,3980,4000,89391,3649
2009-10-19,3980,4020,3930,3935,63478,3589
2009-10-20,3930,3975,3840,3885,98696,3544
2009-10-21,3805,3890,3750,3815,147255,3480
2009-10-22,3810,3815,3730,3730,87569,3402
2009-10-23,3730,3870,3705,3790,83753,3457
2009-10-26,3760,3800,3725,3740,58944,3411
2009-10-27,3700,3800,3670,3740,77851,3411
2009-10-28,3720,3750,3535,3535,90732,3224
2009-10-29,3435,3520,3355,3520,100584,3211
2009-10-30,3570,3690,3500,3585,143984,3270
2009-11-02,3550,3590,3495,3575,42908,3261
2009-11-03,3600,3680,3580,3610,54392,3293
2009-11-04,3570,3870,3570,3760,85329,3430
2009-11-05,3760,3845,3725,3750,29142,3420
2009-11-06,3800,3800,3700,3770,60579,3439
2009-11-09,3740,3880,3740,3870,72462,3530
2009-11-10,3870,3900,3740,3760,61020,3430
2009-11-11,3800,3820,3580,3760,70996,3430
2009-11-12,3780,3800,3745,3775,18899,3443
2009-11-13,3800,3800,3705,3755,20560,3425
2009-11-16,3750,3785,3605,3690,37265,3366
2009-11-17,3690,3750,3595,3625,35886,3306
2009-11-18,3700,3705,3620,3670,36555,3347
2009-11-19,3625,4000,3625,3870,185612,3530
2009-11-20,3945,4005,3900,3920,93544,3576
2009-11-23,3935,4030,3935,3990,58351,3639
2009-11-24,4025,4025,3855,3895,53387,3553
2009-11-25,3825,3880,3760,3770,58959,3439
2009-11-26,3775,3825,3770,3785,44146,3452
2009-11-27,3705,3770,3585,3610,45625,3293
2009-11-30,3900,4150,3855,4150,236378,3785
2009-12-01,4380,4555,4150,4400,1271927,4013
2009-12-02,4405,4410,4250,4380,519500,3995
2009-12-03,4400,4520,4255,4480,580532,4086
2009-12-04,4480,4520,4270,4275,296521,3899
2009-12-07,4280,4320,4150,4275,237313,3899
2009-12-08,4230,4520,4195,4275,525857,3899
2009-12-09,4290,4405,4270,4390,171086,4004
2009-12-10,4485,4485,4290,4325,82048,3945
2009-12-11,4310,4350,4265,4290,88353,3913
2009-12-14,4325,4325,4200,4260,102640,3886
2009-12-15,4290,4400,4265,4355,146231,3972
2009-12-16,4355,4410,4270,4360,91184,3977
2009-12-17,4365,4520,4350,4370,195287,3986
2009-12-18,4380,4620,4370,4580,303983,4178
2009-12-21,4600,4720,4510,4700,265402,4287
2009-12-22,4775,4775,4565,4640,165970,4232
2009-12-23,4640,4695,4400,4400,160525,4013
2009-12-24,4405,4515,4400,4480,85098,4086
2009-12-28,4480,4500,4400,4430,104366,4041
2009-12-29,4425,4465,4270,4370,50726,4078
2009-12-30,4350,4350,4230,4270,108087,3985
2010-01-04,4250,4390,4240,4350,63270,4059
2010-01-05,4350,4440,4350,4400,109002,4106
2010-01-06,4430,4430,4280,4305,99143,4017
2010-01-07,4345,4345,4150,4220,111080,3938
2010-01-08,4285,4285,4165,4205,81794,3924
2010-01-11,4180,4290,4180,4230,67405,3947
2010-01-12,4220,4315,4195,4225,74036,3943
2010-01-13,4225,4280,4180,4195,66948,3915
2010-01-14,4230,4385,4230,4340,125469,4050
2010-01-15,4400,4480,4285,4400,171484,4106
2010-01-18,4410,4520,4410,4500,134496,4199
2010-01-19,4500,4650,4450,4475,178668,4176
2010-01-20,4500,4595,4440,4580,127416,4274
2010-01-21,4575,4600,4450,4450,101576,4153
2010-01-22,4475,4495,4330,4380,121421,4087
2010-01-25,4325,4350,4190,4210,148257,3929
2010-01-26,4210,4280,4070,4250,116748,3966
2010-01-27,4250,4250,4100,4150,96272,3873
2010-01-28,4210,4395,4110,4285,124662,3999
2010-01-29,4240,4275,4085,4090,74322,3817
2010-02-01,4090,4135,3900,3960,105846,3695
2010-02-02,4010,4080,3970,3980,80696,3714
2010-02-03,4020,4095,4015,4070,46895,3798
2010-02-04,4140,4420,4080,4390,166694,4097
2010-02-05,4170,4285,4160,4200,62805,3919
2010-02-08,4300,4390,4115,4160,96495,3882
2010-02-09,4150,4230,4010,4160,62313,3882
2010-02-10,4205,4250,4150,4150,65450,3873
2010-02-11,4195,4495,4160,4350,273209,4059
2010-02-12,4465,4465,4350,4370,110931,4078
2010-02-16,4420,4460,4280,4315,121170,4027
2010-02-17,4360,4625,4310,4625,498366,4316
2010-02-18,4590,4635,4480,4480,300399,4181
2010-02-19,4480,4535,4310,4320,184717,4031
2010-02-22,4390,4630,4365,4560,257947,4255
2010-02-23,4560,4620,4470,4500,160334,4199
2010-02-24,4465,4470,4385,4420,92690,4125
2010-02-25,4470,4565,4275,4275,132106,3989
2010-02-26,4315,4340,4210,4280,46851,3994
2010-03-02,4345,4370,4280,4285,74184,3999
2010-03-03,4345,4395,4295,4350,78410,4059
2010-03-04,4400,4545,4360,4455,347239,4157
2010-03-05,4510,4515,4390,4440,135924,4143
2010-03-08,4495,4730,4450,4700,483764,4386
2010-03-09,4735,5070,4620,5050,839208,4713
2010-03-10,5140,5300,4925,4925,491876,4596
2010-03-11,4990,5050,4875,4925,278199,4596
2010-03-12,4990,5210,4890,4890,490875,4563
2010-03-15,4905,4940,4700,4745,461834,4428
2010-03-16,4820,4945,4785,4800,262885,4479
2010-03-17,4825,4860,4630,4730,281752,4414
2010-03-18,4730,4815,4660,4790,208385,4470
2010-03-19,4900,5170,4840,5040,888908,4703
2010-03-22,5140,5200,4970,5000,475383,4666
2010-03-23,5080,5080,4915,5030,287757,4694
2010-03-24,5050,5060,4850,4900,222330,4573
2010-03-25,4900,4910,4770,4840,131182,4517
2010-03-26,4900,5000,4795,5000,205253,4666
2010-03-29,4940,5140,4935,4990,331866,4657
2010-03-30,5070,5070,4900,4900,152677,4573
2010-03-31,4905,5080,4905,4980,200894,4647
2010-04-01,5010,5190,4980,5040,468254,4703
2010-04-02,5040,5070,4910,4915,201110,4587
2010-04-05,4950,4950,4520,4730,239674,4414
2010-04-06,4730,4765,4595,4605,118786,4297
2010-04-07,4615,4695,4610,4615,107785,4307
2010-04-08,4650,4775,4630,4720,147152,4405
2010-04-09,4740,4750,4595,4680,105953,4367
2010-04-12,4690,4700,4520,4540,151515,4237
2010-04-13,4530,4600,4410,4460,187134,4162
2010-04-14,4470,4610,4455,4465,159119,4167
2010-04-15,4560,4560,4350,4350,265176,4059
2010-04-16,4340,4435,4340,4390,83735,4097
2010-04-19,4320,4450,4300,4375,66999,4083
2010-04-20,4380,4425,4320,4360,119801,4069
2010-04-21,4365,4460,4365,4380,115147,4087
2010-04-22,4445,4470,4375,4395,82390,4101
2010-04-23,4390,4435,4285,4290,120970,4003
2010-04-26,4295,4370,4290,4315,83091,4027
2010-04-27,4370,4370,4300,4320,106517,4031
2010-04-28,4230,4280,4060,4065,313610,3793
2010-04-29,4050,4095,3990,4070,251607,3798
2010-04-30,4100,4225,4075,4160,96333,3882
2010-05-03,4185,4310,4160,4175,90685,3896
2010-05-04,4245,4255,4170,4170,55301,3891
2010-05-06,4100,4150,4030,4030,70017,3761
2010-05-07,3970,3970,3810,3855,127656,3597
2010-05-10,3850,3950,3850,3935,104488,3672
2010-05-11,4020,4250,3960,4100,181812,3826
2010-05-12,4100,4160,4045,4080,65826,3807
2010-05-13,4200,4295,4090,4200,169387,3919
2010-05-14,4190,4290,4135,4270,91571,3985
2010-05-17,4265,4265,4055,4090,103338,3817
2010-05-18,4180,4180,3970,3985,109632,3719
2010-05-19,4010,4040,3830,3900,64882,3639
2010-05-20,3860,4200,3700,3780,76970,3527
2010-05-24,3630,3850,3630,3720,57849,3471
2010-05-25,3640,3720,3330,3425,190220,3196
2010-05-26,3390,3570,3390,3550,44316,3313
2010-05-27,3450,3800,3450,3800,83187,3546
2010-05-28,3920,3920,3750,3815,67640,3560
2010-05-31,3800,3920,3765,3890,32904,3630
2010-06-01,3830,3920,3830,3865,26514,3607
2010-06-03,3940,3985,3880,3920,32670,3658
2010-06-04,3920,3940,3840,3870,25429,3611
2010-06-07,3780,3780,3675,3730,48416,3481
2010-06-08,3730,3830,3690,3750,31618,3499
2010-06-09,3750,3815,3730,3760,15689,3509
2010-06-10,3725,3815,3725,3790,39135,3537
2010-06-11,3800,3875,3785,3805,23430,3551
2010-06-14,3800,3850,3800,3825,29188,3569
2010-06-15,3830,3915,3830,3910,42686,3649
2010-06-16,3915,3950,3855,3875,32310,3616
2010-06-17,3935,3935,3820,3870,23203,3611
2010-06-18,3835,3900,3810,3815,26008,3560
2010-06-21,3815,3870,3800,3810,26622,3555
2010-06-22,3790,3790,3700,3710,86620,3462
2010-06-23,3710,3745,3685,3700,22500,3453
2010-06-24,3700,3770,3695,3765,31572,3513
2010-06-25,3765,3765,3685,3725,28757,3476
2010-06-28,3695,3745,3685,3685,35499,3439
2010-06-29,3685,3750,3675,3680,33388,3434
2010-06-30,3610,3670,3580,3630,38911,3387
2010-07-01,3625,3670,3590,3635,34516,3392
2010-07-02,3610,3710,3610,3645,36305,3401
2010-07-05,3800,4185,3710,3990,687615,3723
2010-07-06,3990,4030,3855,3925,167414,3663
2010-07-07,3995,3995,3860,3920,90659,3658
2010-07-08,3920,4045,3860,3885,136639,3625
2010-07-09,3945,4010,3885,3990,116023,3723
2010-07-12,4070,4080,3950,4010,85957,3742
2010-07-13,4030,4090,3925,4070,143170,3798
2010-07-14,4075,4140,4070,4075,104880,3803
2010-07-15,4130,4260,4090,4200,159867,3919
2010-07-16,4190,4200,4140,4160,53166,3882
2010-07-19,4055,4135,4040,4095,51732,3821
2010-07-20,4065,4150,4030,4085,48755,3812
2010-07-21,4080,4080,4020,4030,39483,3761
2010-07-22,4030,4090,3900,3940,78938,3677
2010-07-23,3970,4015,3965,3970,26199,3705
2010-07-26,4010,4070,4000,4030,25336,3761
2010-07-27,4080,4100,4005,4015,12964,3747
2010-07-28,4090,4090,3880,3880,65268,3621
2010-07-29,3845,3910,3775,3775,69783,3523
2010-07-30,3755,3815,3755,3800,21588,3546
2010-08-02,3820,3870,3770,3770,34991,3518
2010-08-03,3850,3850,3745,3775,43114,3523
2010-08-04,3820,3875,3725,3755,28298,3504
2010-08-05,3770,3770,3675,3690,43815,3443
2010-08-06,3690,3725,3570,3720,19728,3471
2010-08-09,3750,3750,3680,3730,15420,3481
2010-08-10,3730,3795,3730,3760,22983,3509
2010-08-11,3730,3730,3300,3400,373124,3173
2010-08-12,3300,3340,3250,3275,179323,3056
2010-08-13,3325,3325,3260,3280,97878,3061
2010-08-16,3255,3290,3220,3255,71436,3037
2010-08-17,3220,3250,3045,3135,130376,2925
2010-08-18,3080,3140,3030,3070,116040,2865
2010-08-19,3120,3175,3060,3150,114589,2939
2010-08-20,3150,3235,3150,3200,68046,2986
2010-08-23,3235,3300,3200,3265,93218,3047
2010-08-24,3245,3280,3185,3260,46549,3042
2010-08-25,3255,3305,3220,3255,50952,3037
2010-08-26,3280,3300,3235,3240,33722,3023
2010-08-27,3210,3255,3160,3240,28013,3023
2010-08-30,3180,3295,3155,3265,46966,3047
2010-08-31,3250,3280,3220,3265,31310,3047
2010-09-01,3295,3420,3275,3355,66039,3131
2010-09-02,3365,3470,3355,3430,58505,3201
2010-09-03,3480,3480,3375,3415,33791,3187
2010-09-06,3450,3820,3415,3605,284283,3364
2010-09-07,3700,3730,3610,3700,97637,3453
2010-09-08,3760,3870,3715,3765,111760,3513
2010-09-09,3835,3835,3770,3800,67635,3546
2010-09-10,3800,3940,3790,3910,83311,3649
2010-09-13,3950,3960,3890,3935,57263,3672
2010-09-14,3930,3930,3820,3885,64253,3625
2010-09-15,3885,3960,3860,3920,108560,3658
2010-09-16,4000,4040,3940,3940,70114,3677
2010-09-17,4000,4050,3855,3955,70635,3691
2010-09-20,3955,4000,3870,3980,51128,3714
2010-09-24,3985,3985,3880,3900,37830,3639
2010-09-27,3900,3930,3735,3780,65519,3527
2010-09-28,3790,3905,3730,3815,54200,3560
2010-09-29,3850,4030,3815,3970,106991,3705
2010-09-30,3950,4130,3950,4115,190880,3840
2010-10-01,4115,4150,4045,4150,85809,3873
2010-10-04,4120,4210,4035,4070,65894,3798
2010-10-05,4150,4150,4030,4065,36891,3793
2010-10-06,4135,4190,3990,4000,107365,3733
2010-10-07,4000,4030,3935,3990,50920,3723
2010-10-08,3970,4055,3875,3915,43315,3653
2010-10-11,3900,3985,3870,3875,39807,3616
2010-10-12,3840,3960,3840,3925,42208,3663
2010-10-13,3980,3980,3905,3945,16183,3681
2010-10-14,3950,3990,3915,3960,44055,3695
2010-10-15,4000,4040,3950,3960,47181,3695
2010-10-18,4000,4200,3960,4190,214091,3910
2010-10-19,4200,4240,4065,4100,82642,3826
2010-10-20,4100,4150,4020,4080,45543,3807
2010-10-21,4140,4200,4070,4185,141174,3905
2010-10-22,4185,4210,4100,4175,63068,3896
2010-10-25,4175,4230,4065,4230,131670,3947
2010-10-26,4170,4265,4100,4150,88348,3873
2010-10-27,4150,4200,4055,4055,59861,3784
2010-10-28,4100,4100,3940,3950,45541,3686
2010-10-29,3980,4110,3940,4110,75638,3835
2010-11-01,4090,4240,4045,4200,105939,3919
2010-11-02,4240,4410,4150,4410,300921,4115
2010-11-03,4455,4500,4335,4335,210768,4045
2010-11-04,4310,4550,4200,4430,275292,4134
2010-11-05,4430,4435,4250,4325,96202,4036
2010-11-08,4325,4340,4250,4255,99231,3971
2010-11-09,4255,4400,4255,4340,51569,4050
2010-11-10,4300,4395,4255,4255,69355,3971
2010-11-11,4255,4420,4200,4350,107079,4059
2010-11-12,4350,4425,4150,4220,115882,3938
2010-11-15,4210,4250,4050,4070,42054,3798
2010-11-16,4070,4070,3900,3980,35538,3714
2010-11-17,3900,4040,3900,3975,33329,3709
2010-11-18,4030,4130,3960,4100,41897,3826
2010-11-19,4150,4150,4035,4095,37551,3821
2010-11-22,4095,4095,4000,4010,72112,3742
2010-11-23,3985,4040,3940,3950,65293,3686
2010-11-24,3540,3840,3465,3835,91149,3579
2010-11-25,3835,3860,3755,3825,70742,3569
2010-11-26,3810,3820,3660,3695,83856,3448
2010-11-29,3640,3730,3595,3650,61128,3406
2010-11-30,3655,3850,3610,3690,88381,3443
2010-12-01,3715,3715,3660,3690,34563,3443
2010-12-02,3710,3800,3685,3760,157201,3509
2010-12-03,3760,3805,3710,3760,125004,3509
2010-12-06,3760,3800,3710,3720,82676,3471
2010-12-07,3720,3890,3720,3760,133465,3509
2010-12-08,3770,3840,3750,3805,27245,3551
2010-12-09,3810,3890,3770,3890,135631,3630
2010-12-10,3890,3940,3850,3890,68329,3630
2010-12-13,3900,3965,3835,3955,108155,3691
2010-12-14,3995,4050,3970,4040,75230,3770
2010-12-15,4040,4165,4020,4165,177685,3887
2010-12-16,4180,4180,4050,4165,97632,3887
2010-12-17,4130,4300,4095,4210,103075,3929
2010-12-20,4150,4150,4000,4130,107477,3854
2010-12-21,4185,4340,4155,4295,144211,4008
2010-12-22,4350,4350,4245,4320,71393,4031
2010-12-23,4350,4350,4215,4290,129450,4003
2010-12-24,4340,4340,4270,4290,44082,4003
2010-12-27,4290,4505,4200,4460,159942,4162
2010-12-28,4460,4710,4450,4690,260195,4377
2010-12-29,4760,4900,4675,4800,264343,4577
2010-12-30,4820,4895,4700,4850,133604,4625
2011-01-03,4900,5010,4900,4930,208168,4701
2011-01-04,5000,5060,4885,4950,174698,4720
2011-01-05,4950,5290,4890,5240,446539,4997
2011-01-06,5290,5290,4830,4830,264507,4606
2011-01-07,4840,5120,4650,5090,224140,4854
2011-01-10,5200,5200,4955,5080,120275,4844
2011-01-11,5010,5050,4695,4700,261376,4482
2011-01-12,4730,5010,4650,4650,288267,4434
2011-01-13,4700,4810,4620,4700,140523,4482
2011-01-14,4700,4910,4675,4880,218085,4653
2011-01-17,4950,5350,4950,5250,533063,5006
2011-01-18,5260,5450,5010,5100,246395,4863
2011-01-19,5110,5180,5010,5040,93867,4806
2011-01-20,5040,5300,4980,5300,244004,5054
2011-01-21,5320,5460,5140,5160,210585,4920
2011-01-24,5220,5240,5030,5110,190530,4873
2011-01-25,5160,5480,5160,5480,475408,5226
2011-01-26,5530,6300,5410,6030,1191236,5750
2011-01-27,6090,6160,5930,6060,381817,5779
2011-01-28,6180,6400,5890,5890,399586,5617
2011-01-31,5760,5870,5570,5620,229517,5359
2011-02-01,5620,5990,5520,5810,226108,5540
2011-02-07,5860,5950,5640,5690,143735,5426
2011-02-08,5730,5750,5440,5460,189878,5207
2011-02-09,5490,5630,5450,5480,144276,5226
2011-02-10,5500,5840,5460,5750,157723,5483
2011-02-11,5750,5770,5400,5430,154746,5178
2011-02-14,5500,5510,5240,5490,84260,5235
2011-02-15,5400,5500,5250,5250,127344,5006
2011-02-16,5290,5400,4960,4960,245215,4730
2011-02-17,5080,5140,4760,5120,211258,4882
2011-02-18,5120,5250,5000,5160,109482,4920
2011-02-21,5300,5540,5300,5340,160929,5092
2011-02-22,5380,5390,5110,5200,80619,4959
2011-02-23,5190,5270,4965,5200,110232,4959
2011-02-24,5170,5170,4890,4900,146034,4672
2011-02-25,4900,5070,4900,5060,88156,4825
2011-02-28,5010,5040,4820,4835,101230,4610
2011-03-02,4780,4970,4755,4870,85742,4644
2011-03-03,4875,5290,4875,5190,132877,4949
2011-03-04,5280,5370,5110,5290,105840,5044
2011-03-07,5450,5910,5390,5560,521020,5302
2011-03-08,5660,5710,5340,5390,359857,5140
2011-03-09,5440,5450,5120,5150,344097,4911
2011-03-10,5060,5300,5060,5190,165479,4949
2011-03-11,5110,5180,5070,5150,100891,4911
2011-03-14,5060,5170,4870,5040,198139,4806
2011-03-15,5080,5190,4610,4840,159658,4615
2011-03-16,4900,4960,4770,4890,93647,4663
2011-03-17,4795,5150,4795,5050,105012,4815
2011-03-18,5070,5180,5040,5040,118971,4806
2011-03-21,5160,5200,5020,5200,132348,4959
2011-03-22,5250,5320,5190,5210,104720,4968
2011-03-23,5250,5260,5150,5180,78370,4939
2011-03-24,5390,5700,5350,5430,359745,5178
2011-03-25,5440,5490,5250,5360,148278,5111
2011-03-28,5430,5450,5280,5280,94368,5035
2011-03-29,5230,5380,5200,5270,107616,5025
2011-03-30,5340,5720,5270,5550,532701,5292
2011-03-31,5560,5630,5330,5400,155761,5149
2011-04-01,5510,5600,5480,5540,197457,5283
2011-04-04,5620,5660,5490,5580,176918,5321
2011-04-05,5660,5660,5540,5550,114147,5292
2011-04-06,5550,5550,5400,5470,130773,5216
2011-04-07,5410,5520,5340,5350,102336,5102
2011-04-08,5400,5450,5330,5400,94171,5149
2011-04-11,5480,5700,5370,5700,297392,5435
2011-04-12,5780,6150,5690,6150,939202,5865
2011-04-13,6230,6440,6090,6190,614182,5903
2011-04-14,6270,6320,6110,6290,318221,5998
2011-04-15,6310,6380,6140,6230,270032,5941
2011-04-18,6410,6800,6410,6720,710578,6408
2011-04-19,6640,7030,6610,6880,470985,6561
2011-04-20,6940,7070,6720,6770,255771,6456
2011-04-21,6810,6910,6560,6600,187685,6294
2011-04-22,6560,6600,6260,6290,328312,5998
2011-04-25,6350,6470,6240,6300,182238,6008
2011-04-26,6230,6740,6100,6500,388937,6198
2011-04-27,6670,6670,5990,6000,312028,5721
2011-04-28,6140,6180,5680,5900,255867,5626
2011-04-29,5970,5970,5690,5800,129695,5531
2011-05-02,5820,5900,5720,5860,64000,5588
2011-05-03,5900,6030,5800,6030,121319,5750
2011-05-04,6020,6280,6000,6150,356129,5865
2011-05-06,6150,7060,6070,6900,1096924,6580
2011-05-09,6910,6950,6680,6910,430368,6589
2011-05-11,6970,7050,6750,6760,339812,6446
2011-05-12,6750,6830,6570,6600,191180,6294
2011-05-13,6650,7200,6460,7200,494400,6866
2011-05-16,7050,7200,6900,6900,337501,6580
2011-05-17,6900,6960,6480,6510,314314,6208
2011-05-18,6530,6650,6250,6250,213744,5960
2011-05-19,6290,6430,6200,6200,108394,5912
2011-05-20,6210,6250,6030,6190,81226,5903
2011-05-23,6000,6430,5990,6170,189939,5884
2011-05-24,6070,6460,6070,6200,111591,5912
2011-05-25,6340,6450,6020,6020,98579,5741
2011-05-26,6050,6220,5900,5900,112012,5626
2011-05-27,5920,6120,5920,6060,73393,5779
2011-05-30,6170,6170,6010,6030,37853,5750
2011-05-31,6000,6070,5800,5850,135882,5578
2011-06-01,5930,6070,5860,6000,91794,5721
2011-06-02,5900,6000,5820,5830,76652,5559
2011-06-03,5860,5920,5620,5620,78841,5359
2011-06-07,5580,5580,5290,5290,192145,5044
2011-06-08,5330,5500,5320,5340,57005,5092
2011-06-09,5380,6140,5380,6140,351133,5855
2011-06-10,6150,6380,6000,6100,223948,5817
2011-06-13,6100,6190,5730,5820,129512,5550
2011-06-14,5740,5940,5670,5760,89676,5493
2011-06-15,5800,6100,5790,5820,148849,5550
2011-06-16,5740,5860,5660,5670,44296,5407
2011-06-17,5690,5770,5510,5520,63807,5264
2011-06-20,5530,5660,5420,5420,44457,5168
2011-06-21,5440,5640,5420,5530,52626,5273
2011-06-22,5580,5740,5550,5730,90645,5464
2011-06-23,5760,5810,5600,5700,48331,5435
2011-06-24,5720,5910,5700,5830,72498,5559
2011-06-27,5920,6130,5880,5960,135233,5683
2011-06-28,6090,6090,5860,5950,83202,5674
2011-06-29,6100,6180,5990,6020,111820,5741
2011-06-30,6090,6110,5960,6030,68706,5750
2011-07-01,6080,6160,5860,5930,164622,5655
2011-07-04,6000,6070,5820,6030,187405,5750
2011-07-05,6070,6360,6030,6200,396750,5912
2011-07-06,6240,6250,6080,6110,150624,5826
2011-07-07,6150,6170,5880,5970,314422,5693
2011-07-08,6000,6250,5970,6050,291150,5769
2011-07-11,6050,6250,5800,6250,375584,5960
2011-07-12,6150,6990,5900,5900,2128776,5626
2011-07-13,5900,6100,5800,6100,320942,5817
2011-07-14,6160,6160,5980,6110,179752,5826
2011-07-15,6150,6600,6120,6460,618986,6160
2011-07-18,6600,7420,6540,7280,3459401,6942
2011-07-19,7100,7330,7000,7150,917318,6818
2011-07-20,7330,7620,7010,7170,807546,6837
2011-07-21,7200,7470,6820,6830,576476,6513
2011-07-22,6900,7090,6840,7090,346739,6761
2011-07-25,7130,7600,7090,7110,812169,6780
2011-07-26,7070,7490,7070,7490,513875,7142
2011-07-27,7590,8130,7560,7750,1388247,7390
2011-07-28,7580,7980,7380,7480,544600,7133
2011-07-29,7480,7610,7280,7390,315481,7047
2011-08-01,7450,7760,7410,7650,387626,7295
2011-08-02,7820,8790,7820,8790,4191893,8382
2011-08-03,9050,10100,9030,10100,4753753,9631
2011-08-04,10550,10750,9750,10450,3813779,9965
2011-08-05,9990,11750,9490,10550,6647307,10061
2011-08-08,10350,11300,9000,9000,5052277,8582
2011-08-09,8620,8700,7650,8060,3093023,7686
2011-08-10,8630,8780,8150,8390,2187064,8001
2011-08-11,7540,8510,7510,8250,1624262,7867
2011-08-12,8610,9280,8250,8390,2228483,8001
2011-08-16,8830,9640,8750,9640,1361528,9193
2011-08-17,10000,11000,9950,10200,3466502,9727
2011-08-18,10350,10600,9700,10000,1833567,9536
2011-08-19,9400,9790,8800,8990,1050933,8573
2011-08-22,9000,10200,8760,10100,2158499,9631
2011-08-23,10200,10500,9890,10250,1580954,9775
2011-08-24,10400,10500,9400,9400,1048756,8964
2011-08-25,9700,9870,8810,9200,798349,8773
2011-08-26,9130,9480,8750,9300,700652,8869
2011-08-29,9620,10200,9410,9810,1618305,9355
2011-08-30,10000,11250,9790,11250,3063339,10728
2011-08-31,11350,11600,10750,11150,2334864,10633
2011-09-01,11200,11600,10050,10500,2118550,10013
2011-09-02,10450,10700,9990,10300,1307746,9822
2011-09-05,9950,10600,9870,10000,992094,9536
2011-09-06,10100,10550,9190,9650,1318967,9202
2011-09-07,9900,10350,9800,10200,758436,9727
2011-09-08,10300,10450,9000,9300,936649,8869
2011-09-09,9110,9380,8520,8890,473848,8478
2011-09-14,8760,9090,8070,8070,755633,7696
2011-09-15,8330,8550,7590,7780,948725,7419
2011-09-16,8030,8420,7810,8340,602935,7953
2011-09-19,8390,8980,8200,8530,752933,8134
2011-09-20,8450,8880,8410,8540,439630,8144
2011-09-21,8570,8850,8550,8800,409263,8392
2011-09-22,8560,8670,8230,8300,367930,7915
2011-09-23,7730,7850,7360,7360,438075,7018
2011-09-26,7360,7560,6260,6260,915392,5969
2011-09-27,6450,6830,6350,6730,535638,6418
2011-09-28,7000,7130,6680,6680,376359,6370
2011-09-29,6550,7210,6460,7080,576858,6751
2011-09-30,7190,7550,7150,7200,456550,6866
2011-10-04,6700,6830,6470,6660,317558,6351
2011-10-05,6930,6930,6180,6180,325284,5893
2011-10-06,6510,6840,6420,6550,498494,6246
2011-10-07,6740,7090,6740,6810,361145,6494
2011-10-10,6870,7120,6810,7060,277370,6732
2011-10-11,7250,7470,7010,7060,389732,6732
2011-10-12,7100,7370,6910,7360,249813,7018
2011-10-13,7500,7730,7370,7400,339160,7057
2011-10-14,7370,7510,7100,7450,228080,7104
2011-10-17,7630,7810,7480,7770,348165,7409
2011-10-18,7480,8110,7420,7790,599871,7429
2011-10-19,7950,8130,7560,7560,668721,7209
2011-10-20,7590,7850,6910,6950,332030,6627
2011-10-21,7230,7990,7060,7990,553108,7619
2011-10-24,8210,8330,7930,8100,466785,7724
2011-10-25,8260,8260,7800,7820,263774,7457
2011-10-26,7670,8050,7670,7920,246925,7553
2011-10-27,7990,8580,7850,8240,753569,7858
2011-10-28,8440,8440,7850,7880,309243,7514
2011-10-31,8030,8490,7930,7950,493921,7581
2011-11-01,7930,8300,7930,7970,206252,7600
2011-11-02,7620,7900,7580,7900,226632,7533
2011-11-03,8040,8060,7650,7720,193376,7362
2011-11-04,7680,7700,7260,7330,736312,6990
2011-11-07,7300,7480,7110,7430,363541,7085
2011-11-08,7430,7520,7160,7160,428593,6828
2011-11-09,7280,7760,7280,7700,949682,7343
2011-11-10,7500,7500,7190,7250,283985,6914
2011-11-11,7350,8270,7320,7860,908378,7495
2011-11-14,8900,9030,8760,9030,1308727,8611
2011-11-15,9070,9940,8930,9450,3816830,9012
2011-11-16,9500,9520,8680,8890,1429555,8478
2011-11-17,9050,9600,8850,9280,1709966,8849
2011-11-18,9210,9890,9180,9520,1677903,9078
2011-11-21,9700,10100,9260,9260,1624537,8830
2011-11-22,9010,9440,9000,9240,589528,8811
2011-11-23,9350,9450,8710,8750,506703,8344
2011-11-24,8660,8980,8510,8970,363123,8554
2011-11-25,8870,8940,8230,8500,441154,8106
2011-11-28,8600,8750,8400,8600,357177,8201
2011-11-29,8790,9790,8730,9550,1663095,9107
2011-11-30,9500,9530,9110,9110,588447,8687
2011-12-01,9420,9930,9210,9380,1634661,8945
2011-12-02,9430,9750,9150,9750,626394,9298
2011-12-05,9860,10350,9740,9770,1207426,9317
2011-12-06,9800,9850,9400,9400,486137,8964
2011-12-07,9560,10150,9510,10150,1129842,9679
2011-12-08,10100,10150,9810,10000,620060,9536
2011-12-09,9910,10850,9900,10650,1637408,10156
2011-12-12,10950,12200,10850,12200,2454221,11634
2011-12-13,12100,12100,10850,11400,2447493,10871
2011-12-14,11400,11800,10650,10850,1146174,10347
2011-12-15,10550,11100,10250,10900,946249,10394
2011-12-16,11000,11650,10900,11500,1100722,10967
2011-12-19,12050,13200,9800,13200,3880903,12588
2011-12-20,13450,14900,13000,13700,4221280,13065
2011-12-21,14050,14250,12850,13200,2912421,12588
2011-12-22,13150,13800,12950,13750,1758000,13112
2011-12-23,13950,14150,12300,12500,2130278,11920
2011-12-26,12450,12800,11700,12450,2096632,11873
2011-12-27,12800,13000,11850,12250,1446739,11682
2011-12-28,12600,12850,12150,12850,1137734,12406
2011-12-29,12800,13000,12300,12350,848073,11923
2012-01-02,12350,12800,12300,12800,769016,12358
2012-01-03,13000,13450,12650,12700,1060862,12261
2012-01-04,12950,12950,12350,12700,665250,12261
2012-01-05,12850,12900,12300,12500,495766,12068
2012-01-06,12550,14100,12350,13450,3495184,12985
2012-01-09,12850,13000,11450,11750,1675462,11344
2012-01-10,12050,12250,11650,11950,740944,11537
2012-01-11,12050,12050,10700,11000,1430817,10620
2012-01-12,11100,11300,10450,10600,893446,10234
2012-01-13,10650,11050,10600,10700,622143,10330
2012-01-16,10600,11200,10500,10850,597113,10475
2012-01-17,11000,11250,10700,11250,748185,10861
2012-01-18,11300,11450,10600,10600,622985,10234
2012-01-19,10750,10900,10450,10700,477415,10330
2012-01-20,10850,10900,10050,10100,448286,9751
2012-01-25,10100,10250,9770,9850,614506,9510
2012-01-26,9800,10100,9600,10100,741580,9751
2012-01-27,10100,10100,9830,9890,378317,9548
2012-01-30,9880,9950,9450,9510,338216,9181
2012-01-31,9450,9840,9450,9730,310133,9394
2012-02-01,9690,10250,9690,10200,540552,9847
2012-02-02,10300,10300,9950,10050,315294,9703
2012-02-03,10050,10500,9970,10400,435332,10041
2012-02-06,10400,10400,9980,9980,315575,9635
2012-02-07,10050,10300,9730,10300,430537,9944
2012-02-08,10400,10800,10300,10600,842592,10234
2012-02-09,10600,10600,10250,10450,291579,10089
2012-02-10,10550,10550,9860,10000,393715,9654
2012-02-13,10150,10600,10000,10550,442085,10185
2012-02-14,10600,10650,10250,10450,275700,10089
2012-02-15,10600,11450,10500,11300,1264828,10909
2012-02-16,11200,11500,10950,11150,646002,10765
2012-02-17,11400,11600,11050,11050,382069,10668
2012-02-20,11300,11350,10850,11000,360314,10620
2012-02-21,10950,11150,10600,10650,301112,10282
2012-02-22,10800,11400,10800,11100,644887,10716
2012-02-23,11250,11450,10950,11050,415428,10668
2012-02-24,11150,11900,11150,11750,1094990,11344
2012-02-27,11850,11850,11350,11350,535398,10958
2012-02-28,11200,11650,10850,11650,897337,11247
2012-02-29,11650,11900,11500,11600,565728,11199
2012-03-02,11600,11800,11400,11750,289231,11344
2012-03-05,11800,11900,11500,11900,352241,11489
2012-03-06,11750,11900,11300,11450,410617,11054
2012-03-07,11400,11750,11300,11400,372186,11006
2012-03-08,11500,11600,10800,10950,503684,10572
2012-03-09,11000,11150,10450,11150,576610,10765
2012-03-12,11600,12100,11450,11750,1325318,11344
2012-03-13,11800,11950,11550,11900,484399,11489
2012-03-14,12000,12000,11600,11600,333794,11199
2012-03-15,11500,11800,11300,11300,270493,10909
2012-03-16,11350,11600,11000,11050,378867,10668
2012-03-19,11200,11300,11050,11150,169057,10765
2012-03-20,11200,11250,10800,10850,309205,10475
2012-03-21,10850,11050,10750,10950,126373,10572
2012-03-22,11050,11400,10850,10850,339478,10475
2012-03-23,10750,10950,10400,10550,332279,10185
2012-03-26,10700,10800,10250,10300,169730,9944
2012-03-27,10350,10650,10250,10350,193730,9992
2012-03-28,10350,10400,9990,10150,366562,9799
2012-03-29,9980,10350,9460,10350,570383,9992
2012-03-30,10350,10500,10100,10150,166850,9799
2012-04-02,10300,10450,10150,10150,132726,9799
2012-04-03,10100,10250,9930,10100,240049,9751
2012-04-04,10000,10150,9720,9940,219558,9596
2012-04-05,9730,10050,9650,9990,149840,9645
2012-04-06,10000,10150,9850,9970,146461,9625
2012-04-09,9850,9910,9600,9600,146748,9268
2012-04-10,9600,9740,9280,9360,182891,9036
2012-04-12,9360,9900,9360,9650,356102,9316
2012-04-13,9770,10300,9590,10250,376099,9896
2012-04-16,10100,10200,9940,10100,190156,9751
2012-04-17,10200,10550,10100,10250,433459,9896
2012-04-18,10400,10400,10100,10150,218355,9799
2012-04-19,10200,10400,9980,10050,179568,9703
2012-04-20,9960,10000,9700,9760,155945,9423
2012-04-23,9850,9870,9560,9630,115225,9297
2012-04-24,9630,9630,9200,9400,175771,9075
2012-04-25,9400,9560,9170,9200,128619,8882
2012-04-26,9220,9340,8800,8840,176971,8534
2012-04-27,8900,8970,8350,8750,277096,8447
2012-04-30,8750,9000,8730,8780,125180,8476
2012-05-02,8780,9040,8780,8960,114906,8650
2012-05-03,8970,9160,8920,8970,83927,8660
2012-05-04,9020,9310,8870,9220,105878,8901
2012-05-07,9000,9110,8990,8990,56384,8679
2012-05-08,9040,9170,8980,8990,77041,8679
2012-05-09,8900,9040,8660,8660,132561,8361
2012-05-10,8600,8750,8580,8720,76017,8419
2012-05-11,8730,8800,8430,8450,100865,8158
2012-05-14,8420,9240,8400,9200,396701,8882
2012-05-15,9200,9800,9060,9800,528134,9461
2012-05-16,9770,9770,9300,9350,313665,9027
2012-05-17,9480,9610,9220,9560,219610,9230
2012-05-18,9320,9380,8650,8730,211998,8428
2012-05-21,8670,9100,8670,8810,175882,8505
2012-05-22,9080,9310,8960,9150,165423,8834
2012-05-23,9150,9200,8960,9020,126078,8708
2012-05-24,9000,9230,8930,9000,90240,8689
2012-05-25,9050,9290,9020,9130,126754,8814
2012-05-29,9130,9410,9090,9300,198693,8979
2012-05-30,9350,9370,9160,9160,114742,8843
2012-05-31,9000,9080,8790,9030,137123,8718
2012-06-01,8950,9050,8800,8800,136786,8496
2012-06-04,8400,8550,8160,8300,145896,8013
2012-06-05,8320,8440,8280,8280,89295,7994
2012-06-07,8280,8650,8280,8520,120066,8225
2012-06-08,8650,9400,8610,8860,502662,8554
2012-06-11,9020,9130,8910,9020,132795,8708
2012-06-12,8790,9330,8790,9200,341399,8882
2012-06-13,9400,9400,9100,9110,109847,8795
2012-06-14,9130,9240,8910,9200,171472,8882
2012-06-15,9200,9430,9030,9050,278202,8737
2012-06-18,9350,9680,9170,9630,386654,9297
2012-06-19,9610,10050,9590,9830,526465,9490
2012-06-20,10150,10400,9900,9900,449819,9558
2012-06-21,10000,10150,9720,10050,218594,9703
2012-06-22,9850,10250,9850,10050,253311,9703
2012-06-25,10300,10650,10150,10600,692101,10234
2012-06-26,10450,10700,10350,10550,344033,10185
2012-06-27,10550,11300,10400,11250,687817,10861
2012-06-28,11300,11350,10950,11050,286140,10668
2012-06-29,11150,11400,10500,10550,389581,10185
2012-07-02,10700,11250,10650,11250,391660,10861
2012-07-03,11400,11450,11000,11100,316442,10716
2012-07-04,11200,11350,10900,11150,335300,10765
2012-07-05,11200,11350,11000,11050,163449,10668
2012-07-06,11150,11450,11000,11200,270716,10813
2012-07-09,11200,11950,11200,11900,761626,11489
2012-07-10,11850,11900,11450,11450,369798,11054
2012-07-11,11500,12000,11350,11850,404359,11441
2012-07-12,11900,12200,11700,11900,349038,11489
2012-07-13,11950,12050,10900,11550,527913,11151
2012-07-16,11650,11700,11200,11250,201000,10861
2012-07-17,11300,11650,11150,11400,232742,11006
2012-07-18,11500,11550,10850,10850,286742,10475
2012-07-19,11100,11350,10900,11000,259978,10620
2012-07-20,11100,11650,11100,11650,343455,11247
2012-07-23,11550,11900,11450,11600,349902,11199
2012-07-24,11400,11700,11050,11550,231857,11151
2012-07-25,11300,11350,10800,10800,264327,10427
2012-07-26,10850,11000,10300,10500,357563,10137
2012-07-27,10800,11050,10750,10900,290756,10523
2012-07-30,10900,10950,10600,10850,201032,10475
2012-07-31,10700,10800,10350,10550,466291,10185
2012-08-01,10600,10850,10550,10600,238324,10234
2012-08-02,10700,10750,10450,10500,136197,10137
2012-08-03,10400,10550,10200,10200,157267,9847
2012-08-06,10350,10850,10350,10850,284988,10475
2012-08-07,10900,11200,10700,11100,333896,10716
2012-08-08,11100,11250,10800,11050,197434,10668
2012-08-09,11050,11600,10850,11500,439576,11103
2012-08-10,11400,11650,11350,11400,183368,11006
2012-08-13,11400,11700,11300,11500,151272,11103
2012-08-14,11600,11600,11350,11450,144707,11054
2012-08-16,11450,11950,11450,11800,275202,11392
2012-08-17,11850,12100,11600,11600,267329,11199
2012-08-20,11600,11650,11250,11450,268967,11054
2012-08-21,11550,11750,11450,11600,224814,11199
2012-08-22,11550,11550,11250,11250,199542,10861
2012-08-23,11250,12050,11250,11900,554020,11489
2012-08-24,12000,12800,11850,12400,919734,11972
2012-08-27,12600,12800,12350,12550,342076,12116
2012-08-28,12650,13200,12600,12900,579050,12454
2012-08-29,13050,13450,12700,13300,378039,12840
2012-08-30,13400,13600,13000,13500,365112,13034
2012-08-31,13350,14200,13300,13700,506428,13227
2012-09-03,13900,14150,13500,13650,350597,13178
2012-09-04,13750,14100,12900,13050,628390,12599
2012-09-05,13100,13500,12600,13250,427921,12792
2012-09-06,13450,13750,13200,13200,258822,12744
2012-09-07,13400,13450,13150,13300,138084,12840
2012-09-10,13300,14200,13300,14200,447542,13709
2012-09-11,14350,14500,14100,14300,375325,13806
2012-09-12,14400,14650,14100,14100,366794,13613
2012-09-13,14050,14650,14000,14050,265315,13565
2012-09-14,14200,14250,13200,13200,530717,12744
2012-09-17,13250,13350,12650,12900,533905,12454
2012-09-18,13000,13950,12950,13900,628754,13420
2012-09-19,13750,14100,13500,13750,275745,13275
2012-09-20,13800,14050,13550,13600,250155,13130
2012-09-21,13800,14500,13500,14500,703416,13999
2012-09-24,14850,15200,14550,14700,709150,14192
2012-09-25,14600,14600,13950,14250,431208,13758
2012-09-26,14150,14750,13850,14000,330382,13516
2012-09-27,13900,14250,13400,13900,330937,13420
2012-09-28,14050,14600,13850,14450,328865,13951
2012-10-02,14450,14900,14200,14750,318091,14240
2012-10-04,14750,15250,14650,14850,400865,14337
2012-10-05,15000,15500,14800,15150,370662,14627
2012-10-08,15250,15400,14850,15000,317818,14482
2012-10-09,15000,15250,14650,14700,302723,14192
2012-10-10,14500,15250,14450,15050,347465,14530
2012-10-11,14900,15500,14800,15150,323308,14627
2012-10-12,15300,15700,15150,15600,311555,15061
2012-10-15,15900,16400,14900,15650,754733,15109
2012-10-16,15850,15950,14800,15950,570826,15399
2012-10-17,15900,16400,15650,15650,221914,15109
2012-10-18,16000,16800,15350,15650,776444,15109
2012-10-19,15850,16000,14900,15750,401130,15206
2012-10-22,15500,16700,15350,16700,385052,16123
2012-10-23,16700,16950,16500,16750,273700,16171
2012-10-24,16450,17050,16400,16800,292695,16220
2012-10-25,16900,17100,16250,16300,296307,15737
2012-10-26,16400,16550,15700,16200,277188,15640
2012-10-29,16450,16800,16050,16500,315610,15930
2012-10-30,16400,16650,16150,16650,219773,16075
2012-10-31,16950,17550,16700,16850,517431,16268
2012-11-01,16700,16950,16400,16850,232232,16268
2012-11-02,17000,17200,16700,16700,202918,16123
2012-11-05,16700,16900,16050,16300,337498,15737
2012-11-06,16150,16250,15150,15300,942895,14771
2012-11-07,15400,15500,14900,15250,425166,14723
2012-11-08,15100,15700,15050,15650,363135,15109
2012-11-09,15550,15550,14900,15150,366018,14627
2012-11-12,15150,15450,14700,15450,374308,14916
2012-11-13,15550,15950,15000,15000,475229,14482
2012-11-14,15100,15400,14950,15300,222284,14771
2012-11-15,15050,15300,14700,15050,266543,14530
2012-11-16,15100,15200,13900,14400,353055,13902
2012-11-19,14600,15450,14600,15450,315246,14916
2012-11-20,15700,15750,15150,15650,334047,15109
2012-11-21,15750,15800,15100,15200,204341,14675
2012-11-22,15500,16250,15450,16200,458474,15640
2012-11-23,16400,16900,16100,16850,539186,16268
2012-11-26,17000,17200,16550,16650,294849,16075
2012-11-27,16800,16850,16000,16150,398721,15592
2012-11-28,16150,16550,16000,16550,209543,15978
2012-11-29,16550,16650,16000,16000,180064,15447
2012-11-30,16000,16450,16000,16350,157544,15785
2012-12-03,16650,17600,16500,17500,720762,16895
2012-12-04,17500,17650,17200,17550,354787,16944
2012-12-05,17400,17500,16850,17300,444531,16702
2012-12-06,17300,18250,17150,17650,791063,17040
2012-12-07,17750,17750,15200,16150,1083789,15592
2012-12-10,16350,16400,15650,16250,294212,15689
2012-12-11,16000,16200,14850,14850,505960,14337
2012-12-12,15050,15300,14650,14900,305599,14385
2012-12-13,14900,15400,14850,15200,178520,14675
2012-12-14,15100,15350,14950,15000,175402,14482
2012-12-17,15000,15150,14600,14600,176416,14096
2012-12-18,14650,14950,14050,14250,210735,13758
2012-12-20,14250,14550,13950,13950,243960,13468
2012-12-21,13850,14150,13450,13850,225836,13371
2012-12-24,13950,14800,13950,14600,227237,14096
2012-12-26,14600,14700,13400,14250,918844,13758
2012-12-27,14250,14850,14250,14800,275937,14441
2012-12-28,14800,15000,14450,14800,275750,14441
2013-01-02,14800,15200,14800,14850,195514,14489
2013-01-03,14950,15000,13950,14200,279710,13855
2013-01-04,14200,14550,14050,14500,168960,14148
2013-01-07,14600,14850,14250,14850,185707,14489
2013-01-08,15050,15200,14850,15200,325721,14831
2013-01-09,15250,15400,15000,15200,244365,14831
2013-01-10,15350,16350,15100,16200,692516,15807
2013-01-11,16300,16400,15900,16250,300039,15856
2013-01-14,16200,16300,15800,15950,230324,15563
2013-01-15,15950,16600,15950,16600,597928,16197
2013-01-16,16700,16800,16200,16650,404941,16246
2013-01-17,16800,16800,16400,16650,129335,16246
2013-01-18,16800,16850,16550,16700,160640,16295
2013-01-21,16800,17150,16500,16500,233866,16099
2013-01-22,16550,16600,15800,16350,401793,15953
2013-01-23,16550,16850,16150,16200,293737,15807
2013-01-24,16250,16500,16000,16200,153866,15807
2013-01-25,16200,16950,16200,16950,452120,16539
2013-01-28,17100,17300,16950,17000,355532,16587
2013-01-29,17200,17500,17000,17300,321374,16880
2013-01-30,17400,17400,16900,17050,214288,16636
2013-01-31,17050,17500,16800,17400,297436,16978
2013-02-01,17450,17700,17000,17550,229570,17124
2013-02-04,17600,17600,17050,17300,188185,16880
2013-02-05,17050,17200,16700,16950,180459,16539
2013-02-06,17050,17600,16850,17600,300200,17173
2013-02-07,17500,17750,16950,17150,320835,16734
2013-02-08,17300,17400,16950,17200,139138,16783
2013-02-12,17200,17350,16350,16650,227174,16246
2013-02-13,16700,16800,16100,16200,489425,15807
2013-02-14,16350,16500,16250,16400,182768,16002
2013-02-15,16300,16500,15900,16050,359695,15660
2013-02-18,15950,16500,15950,16500,222669,16099
2013-02-19,16500,16500,16200,16300,205321,15904
2013-02-20,16400,16650,16400,16600,248471,16197
2013-02-21,16500,16700,16400,16600,143851,16197
2013-02-22,16600,16700,16450,16550,244640,16148
2013-02-25,16600,16700,16450,16450,124515,16051
2013-02-26,16200,16500,16200,16250,126633,15856
2013-02-27,16300,17050,16200,17050,371862,16636
2013-02-28,17150,17200,16850,17150,268417,16734
2013-03-04,17150,17350,16950,17000,180425,16587
2013-03-05,17000,17500,16700,17500,435976,17075
2013-03-06,17550,17850,17250,17600,357987,17173
2013-03-07,17650,17750,17250,17500,167482,17075
2013-03-08,17450,17850,17300,17300,202510,16880
2013-03-11,17300,17450,16800,17400,247254,16978
2013-03-12,17450,18400,17300,18250,576090,17807
2013-03-13,18300,18800,18050,18650,345483,18197
2013-03-14,18650,18850,18400,18600,218440,18149
2013-03-15,18800,18950,18400,18900,192993,18441
2013-03-18,18900,18900,17650,17650,390280,17222
2013-03-19,17850,18350,17450,18100,210979,17661
2013-03-20,18200,18350,17550,17750,178074,17319
2013-03-21,17950,18550,17800,18350,228223,17905
2013-03-22,18450,19100,18050,19000,259116,18539
2013-03-25,19200,19250,18800,19050,182897,18588
2013-03-26,19150,19150,18550,18900,132599,18441
2013-03-27,18850,18850,18300,18750,201171,18295
2013-03-28,18750,19100,18600,18950,116502,18490
2013-03-29,19000,19000,18550,18750,143130,18295
2013-04-01,18900,19700,18650,19550,331773,19076
2013-04-02,19550,19900,19450,19650,259248,19173
2013-04-03,19900,19950,19250,19650,161540,19173
2013-04-04,19400,20500,19050,20400,496092,19905
2013-04-05,20450,20800,19950,20200,242849,19710
2013-04-08,20200,20650,19000,19000,261481,18539
2013-04-09,19000,19850,18600,19850,384857,19368
2013-04-10,19950,20150,19600,19950,179386,19466
2013-04-11,20200,20900,20050,20850,301043,20344
2013-04-12,20750,21650,20750,21350,231763,20832
2013-04-15,21350,22150,21350,21850,154571,21320
2013-04-16,21350,21750,20800,21450,290269,20929
2013-04-17,21750,22300,21500,21900,187146,21369
2013-04-18,21700,22100,21450,21900,135381,21369
2013-04-19,21800,22000,20650,20950,187536,20442
2013-04-22,21050,22650,21050,22550,187434,22003
2013-04-23,22700,22800,22200,22650,160011,22100
2013-04-24,22900,22900,22400,22400,121618,21856
2013-04-25,22550,23150,22550,23000,166987,22442
2013-04-26,23200,23250,22600,22850,93700,22296
2013-04-29,22800,23200,22450,22900,100707,22344
2013-04-30,23100,23350,22100,22200,189966,21661
2013-05-02,22200,24500,22200,23500,454987,22930
2013-05-03,23700,23850,23000,23500,192659,22930
2013-05-06,23700,23900,23300,23900,153601,23320
2013-05-07,24200,26300,23950,25900,298785,25272
2013-05-08,26000,28900,25550,25600,859660,24979
2013-05-09,25950,26550,25150,26250,439268,25613
2013-05-10,26000,26850,25900,25900,250171,25272
2013-05-13,25600,25600,24000,24050,424204,23466
2013-05-14,24000,24800,22650,24200,731786,23613
2013-05-15,24600,24750,24250,24550,190389,23954
2013-05-16,20900,22600,20900,21150,1729041,20637
2013-05-20,21150,21600,20650,21000,348142,20490
2013-05-21,21150,22750,20700,22600,517996,22052
2013-05-22,22600,23150,22050,22250,285688,21710
2013-05-23,22150,22450,21200,21250,222700,20734
2013-05-24,21300,22050,21200,21750,180752,21222
2013-05-27,21950,21950,21300,21450,137807,20929
2013-05-28,21750,22350,21750,22350,260028,21808
2013-05-29,22450,22900,22200,22900,267121,22344
2013-05-30,22750,22800,20900,21350,481172,20832
2013-05-31,21600,21650,20250,21150,429294,20637
2013-06-03,20700,21000,20250,20300,185351,19807
2013-06-04,20300,20750,20200,20650,159510,20149
2013-06-05,20700,21100,20350,20400,117552,19905
2013-06-07,20400,20600,18400,19100,239632,18636
2013-06-10,19100,19850,18650,18700,231462,18246
2013-06-11,18800,20600,18650,20450,304196,19954
2013-06-12,20300,21200,20200,21200,231969,20686
2013-06-13,21200,21200,20500,21000,197183,20490
2013-06-14,21500,22150,21100,21900,325321,21369
2013-06-17,22050,22350,20850,21450,190074,20929
2013-06-18,21550,21800,21000,21250,107887,20734
2013-06-19,21250,21800,20600,20600,123733,20100
2013-06-20,20000,21100,19600,20700,135741,20198
2013-06-21,20200,20400,19400,20000,132760,19515
2013-06-24,20150,20150,18700,18800,139700,18344
2013-06-25,18400,18800,16700,16800,279382,16392
2013-06-26,17350,18400,17350,17950,210133,17514
2013-06-27,18400,19650,18150,19350,193658,18880
2013-06-28,19750,19800,18950,19200,113058,18734
2013-07-01,19250,19700,19100,19300,82346,18832
2013-07-02,19550,19550,18400,18800,144341,18344
2013-07-03,18900,19350,18500,18600,116693,18149
2013-07-04,18800,18900,17950,18600,129171,18149
2013-07-05,18850,18900,18050,18100,112627,17661
2013-07-08,18200,18350,17400,17700,122578,17270
2013-07-09,17800,18100,17300,17900,125430,17466
2013-07-10,17900,18000,17050,17050,148141,16636
2013-07-11,17300,17750,17300,17700,156604,17270
2013-07-12,17850,18850,17600,18850,313460,18393
2013-07-15,19150,19350,18600,19000,172569,18539
2013-07-16,19100,19150,18550,18750,108291,18295
2013-07-17,18800,19400,18550,19400,171727,18929
2013-07-18,19450,20400,19400,20150,267856,19661
2013-07-19,20200,20300,19800,20150,114368,19661
2013-07-22,20150,20600,19800,20100,126817,19612
2013-07-23,20150,20200,19450,19600,118319,19124
2013-07-24,19600,20200,19500,19800,136390,19319
2013-07-25,19650,19700,19000,19200,136114,18734
2013-07-26,19200,19600,19050,19100,110836,18636
2013-07-29,19200,19300,18250,18300,166398,17856
2013-07-30,18400,18800,18100,18700,115775,18246
2013-07-31,18850,19500,18800,19350,151763,18880
2013-08-01,19250,19350,18900,19000,88516,18539
2013-08-02,19550,19550,19100,19400,109179,18929
2013-08-05,19300,19500,19000,19500,94133,19027
2013-08-06,19500,21600,19400,21500,682517,20978
2013-08-07,21450,21700,20800,21250,349522,20734
2013-08-08,21050,21550,21000,21300,211259,20783
2013-08-09,21200,21900,21200,21400,186968,20881
2013-08-12,21200,21550,20400,20500,206214,20003
2013-08-13,20600,21150,18950,19100,462975,18636
2013-08-14,19250,19800,19200,19400,210178,18929
2013-08-16,19400,19400,18800,19100,79814,18636
2013-08-19,19150,19500,19150,19150,63994,18685
2013-08-20,19250,19700,18800,18900,136318,18441
2013-08-21,19200,19250,18150,18800,158313,18344
2013-08-22,18400,18550,17500,17900,146067,17466
2013-08-23,18250,18500,18250,18350,71932,17905
2013-08-26,18600,18800,18050,18650,69214,18197
2013-08-27,18650,18650,18100,18100,88712,17661
2013-08-28,17550,18350,17500,18050,104751,17612
2013-08-29,18100,18350,17800,17850,107547,17417
2013-08-30,17850,18650,17750,18500,85132,18051
2013-09-02,18700,19750,18500,19600,288990,19124
2013-09-03,19850,19850,19150,19200,117295,18734
2013-09-04,19300,19500,19100,19350,69691,18880
2013-09-05,19500,19500,18900,18900,55082,18441
2013-09-06,18900,19750,18350,18450,200243,18002
2013-09-09,18600,18750,17800,18050,200136,17612
2013-09-10,18250,18400,18150,18300,82230,17856
2013-09-11,18500,19550,18500,19550,336591,19076
2013-09-12,19400,19550,18650,18850,292103,18393
2013-09-13,18850,19450,18650,19100,137519,18636
2013-09-16,18900,19100,18250,18250,200734,17807
2013-09-17,18250,18500,17900,18500,129024,18051
2013-09-23,18500,18600,18050,18100,124825,17661
2013-09-24,18100,18400,18050,18200,50224,17758
2013-09-25,18250,18450,18150,18200,58808,17758
2013-09-26,18100,18500,18000,18300,111162,17856
2013-09-27,18500,19300,18500,19250,408521,18783
2013-09-30,19300,19400,19000,19300,185027,18832
2013-10-01,19300,19950,19150,19700,534532,19222
2013-10-02,20000,20200,19600,19750,230627,19271
2013-10-04,19750,19750,19050,19350,155652,18880
2013-10-07,19800,21000,19700,20500,628016,20003
2013-10-08,20600,21000,20400,20750,304934,20246
2013-10-10,20750,20750,20000,20150,219354,19661
2013-10-11,20350,20450,19750,19900,331226,19417
2013-10-14,20050,20150,19400,19500,300923,19027
2013-10-15,19650,20300,19550,20300,268383,19807
2013-10-16,20200,20450,19150,19200,309401,18734
2013-10-17,19450,19550,18300,18400,366255,17953
2013-10-18,18600,18850,18150,18650,139030,18197
2013-10-21,18950,19350,18700,19200,191949,18734
2013-10-22,19300,19400,18900,19000,122717,18539
2013-10-23,19150,19150,18300,18400,200792,17953
2013-10-24,18250,18800,18250,18800,123341,18344
2013-10-25,18900,18900,18500,18800,85733,18344
2013-10-28,18950,19400,18700,19000,203550,18539
2013-10-29,19100,19100,18700,18700,87901,18246
2013-10-30,18800,19100,18600,19050,113406,18588
2013-10-31,19000,19300,18550,18550,128515,18100
2013-11-01,18500,18700,18200,18300,179035,17856
2013-11-04,18250,19100,18250,18750,208146,18295
2013-11-05,18650,18850,18400,18550,75160,18100
2013-11-06,18600,18900,18400,18700,102997,18246
2013-11-07,17350,17550,15900,15900,762959,15514
2013-11-08,15500,16250,14950,16050,411904,15660
2013-11-11,16100,16350,14100,14450,364565,14099
2013-11-12,14300,15050,14300,14850,151355,14489
2013-11-13,14650,15850,14650,15550,239149,15173
2013-11-14,15700,15950,15550,15900,130518,15514
2013-11-15,15850,16500,15850,16400,199673,16002
2013-11-18,16450,16450,15300,15400,147260,15026
2013-11-19,15350,15850,15200,15600,81050,15221
2013-11-20,15600,16100,15550,15850,100055,15465
2013-11-21,15850,15850,15600,15600,40476,15221
2013-11-22,15700,15750,15000,15100,115197,14733
2013-11-25,15200,15450,15100,15200,72194,14831
2013-11-26,15200,16100,15100,15950,166035,15563
2013-11-27,16150,16800,16100,16550,291586,16148
2013-11-28,16600,16850,16350,16500,101524,16099
2013-11-29,16650,16900,16500,16800,100689,16392
2013-12-02,16950,16950,16350,16400,63981,16002
2013-12-03,16200,16700,15900,15900,94527,15514
2013-12-04,16000,16500,16000,16400,76050,16002
2013-12-05,16400,16700,16200,16450,48113,16051
2013-12-06,16250,16550,15950,16000,49662,15612
2013-12-09,16200,16450,15900,16300,43754,15904
2013-12-10,16250,16500,16200,16500,64649,16099
2013-12-11,16450,16700,16200,16250,59725,15856
2013-12-12,16250,16400,15800,15950,96920,15563
2013-12-13,15750,16050,15100,15850,129529,15465
2013-12-16,15650,15900,15500,15650,47416,15270
2013-12-17,15850,15850,15300,15500,53810,15124
2013-12-18,15400,15650,15150,15350,57263,14977
2013-12-19,15600,15600,15150,15250,51678,14880
2013-12-20,15100,15850,15100,15550,57172,15173
2013-12-23,15750,15950,15350,15800,34000,15416
2013-12-24,15750,15950,15400,15400,56267,15026
2013-12-26,15400,15500,15150,15200,77071,14831
2013-12-27,15200,15650,15200,15350,82510,15027
2013-12-30,15500,15500,15250,15250,61295,14929
2014-01-02,15250,15800,15250,15700,106894,15369
2014-01-03,15600,16400,15500,16300,186007,15957
2014-01-06,16400,16750,16250,16700,130127,16348
2014-01-07,16650,16850,16400,16750,112467,16397
2014-01-08,17000,17000,16600,16750,111826,16397
2014-01-09,16750,17200,16650,16950,130861,16593
2014-01-10,17000,17050,16450,16500,116508,16153
2014-01-13,16750,17450,16750,17450,222946,17083
2014-01-14,17300,17650,17250,17300,137254,16936
2014-01-15,17400,17500,17250,17450,81361,17083
2014-01-16,17500,17600,16900,17150,158127,16789
2014-01-17,17000,17150,16650,16850,106277,16495
2014-01-20,16800,17100,16650,17050,62953,16691
2014-01-21,17050,17100,16450,16650,110135,16299
2014-01-22,16750,16900,16600,16600,64535,16251
2014-01-23,16650,17050,16650,16700,87216,16348
2014-01-24,16600,16650,15650,15850,242615,15516
2014-01-27,15250,15500,15050,15100,158997,14782
2014-01-28,15100,15500,14700,15250,99819,14929
2014-01-29,15250,15550,15200,15300,82141,14978
2014-02-03,15300,15300,14900,14950,82481,14635
2014-02-04,14500,14750,14300,14600,80685,14293
2014-02-05,14700,14850,14550,14600,61807,14293
2014-02-06,14600,15100,14150,15050,110014,14733
2014-02-07,15150,15200,14950,15150,60082,14831
2014-02-10,15200,15250,14950,15100,43932,14782
2014-02-11,15200,15250,14950,15200,48976,14880
2014-02-12,15350,15650,15200,15550,86801,15223
2014-02-13,15400,15550,15200,15300,46572,14978
2014-02-14,15400,15450,15000,15100,61811,14782
2014-02-17,15150,15400,15000,15250,50748,14929
2014-02-18,15200,15450,15050,15050,85055,14733
2014-02-19,15100,15100,14850,14900,53082,14586
2014-02-20,14900,15000,14700,14700,65666,14390
2014-02-21,14850,15000,14150,14350,148450,14048
2014-02-24,14350,15150,14350,15000,143472,14684
2014-02-25,15250,15650,15150,15300,153725,14978
2014-02-26,15250,15250,14900,15200,70925,14880
2014-02-27,15350,15350,14950,15100,52788,14782
2014-02-28,15000,15300,14900,15200,66031,14880
2014-03-03,15550,16050,15450,15900,316510,15565
2014-03-04,15650,15950,15550,15600,123176,15272
2014-03-05,15750,15800,15300,15450,112217,15125
2014-03-06,15500,15800,15450,15550,82574,15223
2014-03-07,15500,15700,15100,15350,125585,15027
2014-03-10,15100,15300,14750,14900,141099,14586
2014-03-11,15000,15300,14950,15200,85938,14880
2014-03-12,15250,15300,14700,14750,73827,14439
2014-03-13,14850,15000,14600,14950,61357,14635
2014-03-14,14600,14850,14600,14750,54922,14439
2014-03-17,14750,14850,14400,14500,69031,14195
2014-03-18,14550,14650,14200,14350,100667,14048
2014-03-19,14500,14600,14200,14500,85788,14195
2014-03-20,14450,14550,14000,14200,88857,13901
2014-03-21,14250,14300,13250,13500,207637,13216
2014-03-24,13550,13700,13050,13650,236959,13363
2014-03-25,13650,13650,13250,13300,96518,13020
2014-03-26,13450,13450,13200,13200,70484,12922
2014-03-27,13200,13350,13050,13200,48367,12922
2014-03-28,13250,13700,13200,13500,78679,13216
2014-03-31,13600,13600,13150,13250,63431,12971
2014-04-01,13350,13650,13350,13500,55894,13216
2014-04-02,13550,13700,13300,13400,88393,13118
2014-04-03,13450,13500,13200,13200,64914,12922
2014-04-04,13300,14200,13250,14050,213701,13754
2014-04-07,13850,13950,13550,13650,98776,13363
2014-04-08,13700,14000,13600,13650,80886,13363
2014-04-09,13700,13900,13500,13500,71543,13216
2014-04-10,13550,14100,13550,13800,132042,13509
2014-04-11,13600,13650,13450,13550,66166,13265
2014-04-14,13550,13850,13500,13750,67242,13460
2014-04-15,13700,13900,13350,13450,113725,13167
2014-04-16,13550,13550,13350,13550,46100,13265
2014-04-17,13700,14050,13600,13800,168081,13509
2014-04-18,13900,14000,13750,13800,79994,13509
2014-04-21,13850,13900,13600,13800,36476,13509
2014-04-22,13800,13900,13600,13600,55105,13314
2014-04-23,13650,13750,13300,13300,94281,13020
2014-04-24,13400,13400,12850,13050,117831,12775
2014-04-25,13000,13200,12800,12800,72197,12530
2014-04-28,12650,12800,12300,12450,143861,12188
2014-04-29,12500,12550,12300,12450,62306,12188
2014-04-30,12500,12700,12400,12450,64988,12188
2014-05-02,12450,12850,12450,12700,51838,12433
2014-05-07,12700,12700,11950,11950,107070,11698
2014-05-08,11850,12050,11150,11350,170836,11111
2014-05-09,11350,11550,11000,11500,166780,11258
2014-05-12,11500,11650,11250,11500,53171,11258
2014-05-13,11650,12100,11600,12000,83134,11747
2014-05-14,12000,12100,11800,11900,43120,11649
2014-05-15,11850,12700,11850,12650,142927,12384
2014-05-16,12450,13450,12450,13350,250376,13069
2014-05-19,13450,13750,13250,13500,221404,13216
2014-05-20,13600,13600,12900,13050,144421,12775
2014-05-21,13000,13300,12800,12850,67340,12579
2014-05-22,13050,13350,12900,13050,52962,12775
2014-05-23,13000,13200,12750,12850,37760,12579
2014-05-26,12900,12900,12450,12700,73166,12433
2014-05-27,12600,12850,12450,12500,48143,12237
2014-05-28,12550,12650,12300,12300,38634,12041
2014-05-29,12300,12600,12000,12150,64596,11894
2014-05-30,12200,12300,12050,12050,33863,11796
2014-06-02,12050,12150,11450,11500,80646,11258
2014-06-03,11350,11800,11050,11700,76628,11454
2014-06-05,11700,11750,11450,11500,50865,11258
2014-06-09,11500,11800,11100,11350,52382,11111
2014-06-10,11350,12200,11250,12100,106966,11845
2014-06-11,12200,12250,11700,11900,61213,11649
2014-06-12,11900,13000,11800,12750,148795,12481
2014-06-13,12950,13600,12700,13400,220577,13118
2014-06-16,13200,13600,13200,13400,77455,13118
2014-06-17,13400,13500,13150,13350,72248,13069
2014-06-18,13350,13900,13350,13850,109884,13558
2014-06-19,13950,13950,13350,13350,99533,13069
2014-06-20,13300,13750,13100,13450,53040,13167
2014-06-23,13450,13750,13100,13100,70147,12824
2014-06-24,13050,15050,12900,14900,674086,14586
2014-06-25,14900,14950,14600,14850,178498,14537
2014-06-26,14900,15000,14550,14750,119049,14439
2014-06-27,14700,15100,14200,14250,281796,13950
2014-06-30,14600,15250,14600,14900,291089,14586
2014-07-01,14700,15050,14450,14950,160788,14635
2014-07-02,15300,15300,14800,14900,144916,14586
2014-07-03,15000,15000,14550,14700,181421,14390
2014-07-04,14800,15050,14600,14700,130809,14390
2014-07-07,14700,15000,14300,14450,133035,14146
2014-07-08,14500,15300,14450,15200,338182,14880
2014-07-09,15000,15100,14300,14400,262201,14097
2014-07-10,14500,14750,14050,14700,165556,14390
2014-07-11,14600,14700,14350,14600,68472,14293
2014-07-14,14800,15600,14750,15450,337317,15125
2014-07-15,15550,15550,14550,14600,246437,14293
2014-07-16,14600,14700,13600,14200,242351,13901
2014-07-17,14300,14450,13900,14000,117580,13705
2014-07-18,13700,14350,13650,14050,109952,13754
2014-07-21,14000,14150,13500,13500,152440,13216
2014-07-22,13400,13800,13300,13750,85671,13460
2014-07-23,13900,13900,13450,13500,69070,13216
2014-07-24,13500,14000,13500,13600,80580,13314
2014-07-25,13650,13800,13500,13550,51899,13265
2014-07-28,13600,13600,12700,12750,132360,12481
2014-07-29,12850,12850,12100,12300,123907,12041
2014-07-30,12350,13000,11700,12750,184287,12481
2014-07-31,12800,13250,12500,13250,123122,12971
2014-08-01,12950,13600,12850,13450,129963,13167
2014-08-04,13450,13700,13250,13450,29267,13167
2014-08-05,13550,13850,13200,13250,84359,12971
2014-08-06,13300,13450,12750,13000,86580,12726
2014-08-07,13000,13900,13000,13900,125678,13607
2014-08-08,14000,14350,13800,14100,143733,13803
2014-08-11,14100,14250,13450,13450,83644,13167
2014-08-12,13500,13850,13450,13600,51450,13314
2014-08-13,13600,14400,13500,13800,236521,13509
2014-08-14,14000,14150,12950,13000,215386,12726
2014-08-18,13000,13800,13000,13600,133267,13314
2014-08-19,13600,13700,13150,13350,95863,13069
2014-08-20,13450,13850,13250,13250,66907,12971
2014-08-21,13250,13800,13250,13450,77182,13167
2014-08-22,13650,14550,13650,14150,230540,13852
2014-08-25,14250,14600,14100,14200,92449,13901
2014-08-26,14200,14300,13900,14150,61483,13852
2014-08-27,14200,15100,14200,15000,279989,14684
2014-08-28,15050,15050,14600,14850,108307,14537
2014-08-29,14850,14950,14300,14400,94411,14097
2014-09-01,14400,14400,13650,13700,145760,13411
2014-09-02,13700,13800,13150,13550,206312,13265
2014-09-03,13600,13800,13500,13500,109401,13216
2014-09-04,13500,13750,13150,13250,121912,12971
2014-09-05,13200,13550,13150,13250,91455,12971
2014-09-11,13250,13850,13250,13600,112045,13314
2014-09-12,13600,14050,13500,13850,110375,13558
2014-09-15,14000,14000,13200,13300,104970,13020
2014-09-16,13150,13700,13150,13550,78325,13265
2014-09-17,13650,13900,13300,13500,69981,13216
2014-09-18,13400,13550,13200,13300,79927,13020
2014-09-19,13300,13550,13000,13550,146786,13265
2014-09-22,13550,14750,13400,14600,384222,14293
2014-09-23,14650,14800,14300,14800,181101,14488
2014-09-24,14800,14950,14550,14900,159610,14586
2014-09-25,15000,15500,14750,15200,316127,14880
2014-09-26,15250,16300,15200,16250,445506,15908
2014-09-29,16500,16600,15850,16000,214827,15663
2014-09-30,16100,16800,16000,16550,217364,16202
2014-10-01,16700,16800,15550,15550,319325,15223
2014-10-02,15650,16150,15500,16000,222966,15663
2014-10-06,16000,16950,16000,16850,277846,16495
2014-10-07,16800,17050,15950,16150,199502,15810
2014-10-08,15900,16350,15700,15800,197530,15467
2014-10-10,15800,16350,15450,15550,175942,15223
2014-10-13,15350,15350,14100,14450,262570,14146
2014-10-14,14600,15200,14500,14800,275684,14488
2014-10-15,15000,15450,14650,15000,236104,14684
2014-10-16,14950,15900,14750,15850,236548,15516
2014-10-17,16100,16650,15600,15850,283500,15516
2014-10-20,16100,16350,15600,16100,169850,15761
2014-10-21,16100,16750,15900,16650,296626,16299
2014-10-22,16800,16950,16500,16800,225379,16446
2014-10-23,16700,17350,16350,17150,292328,16789
2014-10-24,17450,18200,17300,17450,568256,17083
2014-10-27,17650,17750,17050,17200,173111,16838
2014-10-28,17200,17550,16600,17500,202570,17132
2014-10-29,17550,17550,16850,17150,155538,16789
2014-10-30,16950,17300,15850,16500,217383,16153
2014-10-31,17050,17450,16800,16800,242744,16446
2014-11-03,16750,17700,16700,17700,222540,17327
2014-11-04,17850,18200,17400,17900,307272,17523
2014-11-05,18100,18100,16500,16800,219717,16446
2014-11-06,17050,17100,15200,15700,461312,15369
2014-11-07,15950,16350,15700,16000,167538,15663
2014-11-10,15900,16200,14650,14650,538332,14342
2014-11-11,14850,14900,14150,14250,578754,13950
2014-11-12,14300,14400,13950,14350,315189,14048
2014-11-13,14350,14650,14100,14550,240962,14244
2014-11-14,14450,14500,14150,14300,141631,13999
2014-11-17,14350,14500,13900,14000,174613,13705
2014-11-18,14100,14200,13550,14200,187587,13901
2014-11-19,14400,14850,14350,14550,198981,14244
2014-11-20,14550,15400,14300,14950,286387,14635
2014-11-21,15150,16000,15000,15600,284789,15272
2014-11-24,15600,15700,15000,15050,160663,14733
2014-11-25,15100,15500,14550,15150,198482,14831
2014-11-26,15300,15550,14900,15350,93771,15027
2014-11-27,15550,15800,15150,15350,120994,15027
2014-11-28,15350,15700,15200,15500,117206,15174
2014-12-01,15600,15950,15350,15450,132910,15125
2014-12-02,15450,15750,15100,15600,75434,15272
2014-12-03,15650,15900,15400,15800,104383,15467
2014-12-04,15700,16300,15650,16150,119356,15810
2014-12-05,16250,16450,16050,16150,91644,15810
2014-12-08,16200,16350,15850,16100,68130,15761
2014-12-09,16050,16350,15700,15700,92983,15369
2014-12-10,15700,16000,15650,15800,95974,15467
2014-12-11,15600,15900,14700,15100,178683,14782
2014-12-12,15300,15600,14850,15200,140347,14880
2014-12-15,15000,15600,15000,15600,87417,15272
2014-12-16,15700,16350,15550,16050,190056,15712
2014-12-17,16100,16200,15700,16100,121115,15761
2014-12-18,16200,16450,15650,16050,110140,15712
2014-12-19,16100,16550,15850,16300,158801,15957
2014-12-22,16550,16550,16100,16450,100425,16104
2014-12-23,16550,16550,16150,16250,88295,15908
2014-12-24,16300,16400,14950,15500,287219,15174
2014-12-26,15500,15850,15300,15600,83147,15272
2014-12-29,15600,16350,15600,16300,115872,16060
2014-12-30,16200,17100,16100,16900,203812,16651
2015-01-02,16900,17050,16650,17050,130999,16799
2015-01-05,17000,17400,16700,17350,150894,17094
2015-01-06,17100,17400,16850,17250,124624,16996
2015-01-07,17200,17400,16850,17300,119471,17045
2015-01-08,17250,17400,16750,16750,212259,16503
2015-01-09,16850,17850,16750,17450,303329,17193
2015-01-12,17300,17500,17150,17300,93785,17045
2015-01-13,17400,17400,16650,16750,168317,16503
2015-01-14,16750,17650,16650,17500,186408,17242
2015-01-15,17950,18400,17350,17500,389595,17242
2015-01-16,17500,18350,17350,17650,289034,17390
2015-01-19,17650,17700,16950,17100,144869,16848
2015-01-20,17100,17250,16550,16900,168840,16651
2015-01-21,16600,16900,16500,16600,165071,16355
2015-01-22,16650,16800,16050,16250,155750,16011
2015-01-23,16350,16750,16100,16400,120750,16158
2015-01-26,16500,16550,15750,15900,178760,15666
2015-01-27,16000,16500,16000,16450,169476,16208
2015-01-28,16300,16550,16250,16500,97131,16257
2015-01-29,16450,16450,15850,16100,129878,15863
2015-01-30,16250,16550,15900,16350,120076,16109
2015-02-02,16400,16400,15850,15950,140337,15715
2015-02-03,16350,16700,16050,16150,199151,15912
2015-02-04,16250,16350,16100,16200,73638,15961
2015-02-05,16200,16550,16100,16550,82461,16306
2015-02-06,16650,16700,16200,16550,123335,16306
2015-02-09,16550,16550,15950,16050,105460,15813
2015-02-10,15900,16250,15750,15900,124125,15666
2015-02-11,15850,15950,15650,15900,78935,15666
2015-02-12,15850,15950,15550,15650,72012,15419
2015-02-13,15600,15750,15050,15450,144774,15222
2015-02-16,15600,16150,15600,15950,121445,15715
2015-02-17,16000,16000,15500,15850,77891,15616
2015-02-23,15850,16050,15550,15700,71341,15469
2015-02-24,15700,17850,15700,17450,584922,17193
2015-02-25,17500,18050,17300,17600,304093,17341
2015-02-26,17800,18500,17600,18250,350686,17981
2015-02-27,18250,18450,17850,18450,142137,18178
2015-03-02,18500,18500,17650,17750,149153,17488
2015-03-03,17750,18000,17500,17800,78209,17538
2015-03-04,17900,18000,17400,17650,65163,17390
2015-03-05,17700,18900,17650,18700,225550,18424
2015-03-06,18800,19050,18300,18450,181832,18178
2015-03-09,18350,18550,18100,18100,51299,17833
2015-03-10,18100,18300,17450,17700,92953,17439
2015-03-11,17600,18300,17550,18100,125159,17833
2015-03-12,18300,18350,17700,18000,159814,17735
2015-03-13,18100,18300,17700,18300,110556,18030
2015-03-16,18400,18500,18000,18400,99932,18129
2015-03-17,18500,19150,18150,18550,205779,18277
2015-03-18,18750,19400,18550,18750,182926,18474
2015-03-19,18950,18950,18300,18650,116407,18375
2015-03-20,18400,18600,18100,18500,128977,18227
2015-03-23,18650,19400,18500,19300,193239,19016
2015-03-24,19850,20100,19000,19000,412542,18720
2015-03-25,19250,19300,18900,19250,129013,18966
2015-03-26,19000,19050,18500,18850,113913,18572
2015-03-27,18850,18950,18350,18700,122239,18424
2015-03-30,18550,18900,18350,18700,96046,18424
2015-03-31,18750,19450,18650,18700,175491,18424
2015-04-01,19000,19050,18550,18650,131213,18375
2015-04-02,18700,18700,17750,17800,263809,17538
2015-04-03,17850,17850,17300,17500,174565,17242
2015-04-06,17700,17700,17200,17400,157036,17144
2015-04-07,17600,18100,17600,17800,174052,17538
2015-04-08,18050,18200,17400,17600,149554,17341
2015-04-09,17750,17950,17500,17950,120416,17686
2015-04-10,17900,18100,17650,17750,98371,17488
2015-04-13,17950,18000,17550,17650,114341,17390
2015-04-14,17550,18000,17500,17700,99735,17439
2015-04-15,17700,17900,17600,17850,67665,17587
2015-04-16,17900,18000,17650,18000,87087,17735
2015-04-17,17900,19300,17850,18950,447187,18671
2015-04-20,18600,19000,18350,18950,277662,18671
2015-04-21,19100,19150,18200,18400,249234,18129
2015-04-22,18550,19350,17000,18150,493764,17883
2015-04-23,18300,18650,17650,17900,212318,17636
2015-04-24,17750,18150,17450,17600,140460,17341
2015-04-27,17600,17950,17300,17700,130166,17439
2015-04-28,17800,18100,17400,18050,98652,17784
2015-04-29,18200,18750,18100,18500,200263,18227
2015-04-30,18400,18700,18100,18700,111688,18424
2015-05-04,18700,18900,18300,18450,99364,18178
2015-05-06,18450,18450,17200,18100,202550,17833
2015-05-07,18300,18600,17350,17600,223950,17341
2015-05-08,17750,18700,17450,18600,274775,18326
2015-05-11,19000,19100,18300,18600,207427,18326
2015-05-12,18600,18700,17900,18050,164557,17784
2015-05-13,18100,19550,17750,19500,417740,19213
2015-05-14,19400,20050,19300,19500,595967,19213
2015-05-15,19550,19600,18900,19000,347139,18720
2015-05-18,19200,19750,18550,19650,559933,19360
2015-05-19,19450,20100,19300,20100,452171,19804
2015-05-20,20100,21100,19950,20450,766600,20149
2015-05-21,19550,19850,18450,18950,1218084,18671
2015-05-22,19050,19250,18450,19200,329847,18917
2015-05-26,19200,19950,18950,19950,296362,19656
2015-05-27,19800,19850,19000,19400,804665,19114
2015-05-28,19400,19750,19100,19450,204457,19163
2015-05-29,19300,20200,19200,19950,358267,19656
2015-06-01,19850,19950,18850,18950,510751,18671
2015-06-02,18650,19300,18650,19100,308159,18819
2015-06-03,19050,19250,18400,18450,304590,18178
2015-06-04,18450,19250,18250,18600,244088,18326
2015-06-05,18450,18900,18050,18150,210602,17883
2015-06-08,18150,18900,18000,18850,223011,18572
2015-06-09,18950,19150,18250,18850,232410,18572
2015-06-10,19000,19000,18200,18450,195457,18178
2015-06-11,18750,19050,18600,19000,231017,18720
2015-06-12,19200,19700,18750,19000,303476,18720
2015-06-15,19750,20450,19300,20300,889657,20001
2015-06-16,20100,20250,19400,20150,438017,19853
2015-06-17,20600,20850,20050,20100,347253,19804
2015-06-18,20300,21400,19900,21150,701648,20838
2015-06-19,21650,22000,20800,21100,500769,20789
2015-06-22,20950,21250,20400,20600,252618,20297
2015-06-23,20600,21750,20550,21750,464404,21430
2015-06-24,21900,22150,21200,21200,356937,20888
2015-06-25,21050,21700,20600,21400,359889,21085
2015-06-26,21750,22700,20500,20500,868066,20198
2015-06-29,20000,21300,19550,21100,407398,20789
2015-06-30,20800,21250,19900,21000,375787,20691
2015-07-01,20850,21400,20850,21050,242196,20740
2015-07-02,21300,22200,20900,22100,429654,21774
2015-07-03,22250,23450,21700,23200,618074,22858
2015-07-06,22500,23200,21600,21600,524379,21282
2015-07-07,22400,22450,19900,19950,724282,19656
2015-07-08,20200,20550,19450,20000,342014,19705
2015-07-09,19500,19800,19000,19700,443211,19410
2015-07-10,19950,20250,19500,19500,219683,19213
2015-07-13,19550,20400,19500,20400,220570,20099
2015-07-14,20700,20700,20000,20500,186070,20198
2015-07-15,20700,22000,20550,21350,547493,21035
2015-07-16,21750,22200,21350,21450,326990,21134
2015-07-17,21800,22100,21250,21600,372329,21282
2015-07-20,21950,22300,21600,21900,288076,21577
2015-07-21,21850,21850,21050,21300,218557,20986
2015-07-22,21050,21200,20150,20150,332122,19853
2015-07-23,20400,21900,19900,21900,396439,21577
2015-07-24,21850,22700,21450,22550,501964,22218
2015-07-27,22600,23000,22100,22500,359728,22169
2015-07-28,21950,23200,21150,22650,632337,22316
2015-07-29,22700,23200,21050,21250,374481,20937
2015-07-30,21350,21800,20300,20650,279334,20346
2015-07-31,20750,22050,20500,21650,255732,21331
2015-08-03,21850,22750,21650,22300,410736,21972
2015-08-04,22200,23400,21800,23200,438986,22858
2015-08-05,23000,23350,22700,23150,300739,22809
2015-08-06,23600,23650,22450,22550,419580,22218
2015-08-07,22350,23450,22300,23450,520358,23105
2015-08-10,23600,23800,21500,22100,866583,21774
2015-08-11,22600,22850,20950,21250,590950,20937
2015-08-12,21450,22100,20700,21500,613048,21183
2015-08-13,21750,21800,20800,21550,286143,21233
2015-08-14,21550,21550,21550,21550,0,21233
2015-08-17,21550,21650,20800,20800,300861,20494
2015-08-18,21000,21000,19200,19300,624668,19016
2015-08-19,19250,19550,18200,18550,580355,18277
2015-08-20,18350,18850,17850,18200,477946,17932
2015-08-21,17000,17750,16800,17350,428841,17094
2015-08-24,17100,17800,16800,17550,373012,17291
2015-08-25,17800,18600,17300,18450,419948,18178
2015-08-26,18400,19450,18200,19300,375789,19016
2015-08-27,19450,19650,18850,18850,252132,18572
2015-08-28,19300,19800,19100,19700,219877,19410
2015-08-31,20050,20050,19200,19300,120432,19016
2015-09-01,19500,19500,18500,18550,225319,18277
2015-09-02,18050,19350,17900,19000,153442,18720
2015-09-03,19200,19400,18550,18700,90809,18424
2015-09-04,18700,19000,17900,18150,229240,17883
2015-09-07,17950,18350,17700,17900,140809,17636
2015-09-08,17950,18350,17500,18350,233243,18080
2015-09-09,18750,18800,18250,18350,226162,18080
2015-09-10,18050,18400,18000,18400,79076,18129
2015-09-11,18400,18450,18050,18100,72432,17833
2015-09-14,18250,18250,17500,17500,81144,17242
2015-09-15,17500,18200,17500,17650,132349,17390
2015-09-16,17800,18050,17650,17900,134128,17636
2015-09-17,18100,18100,17450,17550,165689,17291
2015-09-18,17800,18550,17750,18550,201897,18277
2015-09-21,18300,18350,18000,18150,95161,17883
2015-09-22,18300,18700,18050,18700,142586,18424
2015-09-23,18500,18650,18050,18150,104900,17883
2015-09-24,18200,18300,17900,18000,106523,17735
2015-09-25,18150,18150,17600,18000,103279,17735
2015-09-30,18150,18150,17450,17550,225583,17291
2015-10-01,17700,18200,17700,17850,111733,17587
2015-10-02,18000,18250,17800,18050,78990,17784
2015-10-05,18250,18550,18200,18350,96643,18080
2015-10-06,18500,18500,18050,18200,73203,17932
2015-10-07,18100,18250,17800,18000,110640,17735
2015-10-08,18200,18200,17300,17400,155967,17144
2015-10-12,17400,17600,16800,16900,221379,16651
2015-10-13,17000,17300,16800,16900,84835,16651
2015-10-14,16850,17050,16400,16400,112790,16158
2015-10-15,16250,16750,16250,16450,66664,16208
2015-10-16,16800,17400,16750,17250,110395,16996
2015-10-19,17300,17400,17050,17250,88704,16996
2015-10-20,17400,17600,17100,17450,89260,17193
2015-10-21,17450,17850,17300,17300,96057,17045
2015-10-22,17300,17550,17050,17300,79490,17045
2015-10-23,17400,17500,16950,16950,103703,16700
2015-10-26,17200,17200,16750,16850,71625,16602
2015-10-27,16850,17200,16750,17100,58661,16848
2015-10-28,17050,17200,16950,17200,55428,16947
2015-10-29,17200,17300,16650,16850,123944,16602
2015-10-30,16700,16900,15850,16150,223607,15912
2015-11-02,16100,16100,15450,15500,206769,15272
2015-11-03,15050,15700,15050,15100,266576,14877
2015-11-04,15100,15400,14900,15150,194591,14927
2015-11-05,15150,15800,14950,15750,141777,15518
2015-11-06,15800,15900,15350,15700,96518,15469
2015-11-09,15600,15650,14650,14700,138568,14483
2015-11-10,14400,14600,14100,14400,120686,14188
2015-11-11,14200,14700,14200,14550,97817,14336
2015-11-12,14500,15100,14500,15000,98562,14779
2015-11-13,14750,15050,14450,14650,57829,14434
2015-11-16,14150,14250,13550,13700,174736,13498
2015-11-17,14050,14700,14000,14400,183273,14188
2015-11-18,14300,14750,14300,14600,100488,14385
2015-11-19,14700,14850,14550,14650,65276,14434
2015-11-20,14550,15150,14550,14900,102759,14680
2015-11-23,15050,15100,14700,14750,87778,14533
2015-11-24,14650,15150,14650,15000,66618,14779
2015-11-25,15050,15150,14700,15000,77121,14779
2015-11-26,14950,15050,14500,14650,107743,14434
2015-11-27,14750,14800,14500,14500,56623,14286
2015-11-30,14300,14500,13950,14100,100977,13892
2015-12-01,14100,14250,13800,13850,178860,13646
2015-12-02,14050,15000,13900,14900,301090,14680
2015-12-03,14900,15150,14600,15100,112913,14877
2015-12-04,14800,15000,14650,14750,67385,14533
2015-12-07,14900,15050,14600,14850,88368,14631
2015-12-08,14900,15000,14350,14400,75510,14188
2015-12-09,14350,14550,14000,14100,63274,13892
2015-12-10,14100,14450,13850,14300,61741,14089
2015-12-11,14500,14500,13700,14150,76141,13941
2015-12-14,13950,13950,12850,12900,239374,12710
2015-12-15,12900,13200,12800,12850,112923,12661
2015-12-16,13150,13450,13100,13200,66486,13005
2015-12-17,13450,13550,13150,13300,88260,13104
2015-12-18,13100,14550,12950,14400,229904,14188
2015-12-21,14450,14500,14050,14400,74641,14188
2015-12-22,14500,14600,14000,14200,69342,13991
2015-12-23,14150,14300,14050,14050,42500,13843
2015-12-24,14250,14300,13800,13800,86970,13597
2015-12-28,13800,13900,13350,13400,112170,13202
2015-12-29,13600,15500,13600,15300,395956,15188
2015-12-30,15150,15600,15000,15400,150962,15287
2016-01-04,15400,15450,14600,14750,152900,14642
2016-01-05,14550,15000,14500,14900,110194,14791
2016-01-06,15000,15250,14700,15050,119970,14940
2016-01-07,14900,15050,14500,14900,146414,14791
2016-01-08,14550,15400,14500,15400,121320,15287
2016-01-11,15350,15700,15050,15050,165755,14940
2016-01-12,15100,15550,15100,15500,143617,15386
2016-01-13,15750,16000,15500,15700,194106,15585
2016-01-14,15400,15750,15200,15700,122560,15585
2016-01-15,15800,16450,15650,16150,286045,16032
2016-01-18,16050,16300,15850,16050,130637,15932
2016-01-19,16150,16150,15200,15400,183787,15287
2016-01-20,15400,15650,14400,14850,207539,14741
2016-01-21,14850,15100,14450,14450,142881,14344
2016-01-22,14600,15000,14550,14900,88026,14791
2016-01-25,15150,15650,15100,15300,127567,15188
2016-01-26,15250,15500,15050,15300,85279,15188
2016-01-27,15650,15650,15150,15150,129770,15039
2016-01-28,15050,15350,14950,15200,48267,15089
2016-01-29,15200,15650,15150,15600,99607,15486
2016-02-01,15700,15700,15300,15500,76303,15386
2016-02-02,15500,16400,15450,16150,348151,16032
2016-02-03,16150,16300,15900,15950,140668,15833
2016-02-04,15950,16000,15550,15650,125783,15535
2016-02-05,15650,16150,15500,15500,142783,15386
2016-02-11,15500,15500,14300,14300,238405,14195
2016-02-12,14250,14400,12750,12800,420035,12706
2016-02-15,12950,13550,12850,13550,163000,13451
2016-02-16,13500,13800,13500,13650,134115,13550
2016-02-17,13700,14250,13100,13750,236718,13649
2016-02-18,13950,14150,13450,13550,170197,13451
2016-02-19,13500,13900,13350,13750,105363,13649
2016-02-22,13850,14400,13650,14000,217831,13897
2016-02-23,14250,14250,13850,13950,77658,13848
2016-02-24,13950,15400,13950,15300,477514,15188
2016-02-25,15300,16600,15200,16250,857244,16131
2016-02-26,16200,16350,15850,16250,252787,16131
2016-02-29,16550,16850,16000,16300,341218,16181
2016-03-02,16300,16300,15900,16200,211226,16081
2016-03-03,16450,17050,16250,16500,427038,16379
2016-03-04,16700,16750,16150,16300,155982,16181
2016-03-07,16350,16800,16200,16650,204024,16528
2016-03-08,16650,16650,15850,15900,234837,15783
2016-03-09,15800,16200,15800,16000,92655,15883
2016-03-10,16000,16350,15800,16050,123211,15932
2016-03-11,15950,16150,15650,15700,89689,15585
2016-03-14,15950,16200,15700,16000,107841,15883
2016-03-15,16100,16150,15800,15950,59487,15833
2016-03-16,16000,16300,15700,15900,137788,15783
2016-03-17,16100,16650,15900,16200,279208,16081
2016-03-18,16300,16700,16100,16700,151755,16578
2016-03-21,16700,17150,16650,16700,239185,16578
2016-03-22,16800,16900,16350,16400,103474,16280
2016-03-23,16400,16650,16300,16350,87811,16230
2016-03-24,16250,16350,15550,15850,173544,15734
2016-03-25,16000,16000,15250,15300,139370,15188
2016-03-28,15250,15250,14600,14900,160199,14791
2016-03-29,14700,15150,14700,15050,117552,14940
2016-03-30,15200,15250,14950,15050,78225,14940
2016-03-31,15250,15300,14850,14950,68064,14840
2016-04-01,14950,15150,14750,14800,92720,14691
2016-04-04,15050,15700,14950,15600,162477,15486
2016-04-05,15600,15850,15450,15800,122140,15684
2016-04-06,15850,15850,15500,15750,83261,15635
2016-04-07,15850,15850,15500,15600,64060,15486
2016-04-08,15500,15850,15400,15850,82210,15734
2016-04-11,16000,16100,15550,15550,77864,15436
2016-04-12,15600,15800,15400,15500,69415,15386
2016-04-14,15500,16000,15300,15400,118412,15287
2016-04-15,15450,15900,15350,15900,89933,15783
2016-04-18,15900,16800,15900,16700,318722,16578
2016-04-19,16850,17300,16550,17300,322537,17173
2016-04-20,17250,17350,16850,17000,195248,16875
2016-04-21,17150,17300,16900,17200,165307,17074
2016-04-22,17050,17500,16850,17250,162165,17124
2016-04-25,17250,17450,17000,17250,129297,17124
2016-04-26,17050,17200,16600,16600,133414,16478
2016-04-27,16750,17950,16750,17950,687218,17818
2016-04-28,18300,18600,17800,18050,413997,17918
2016-04-29,18050,18200,17750,18100,185826,17967
2016-05-02,18200,18200,17400,17500,199191,17372
2016-05-03,17350,18000,17100,17800,168298,17670
2016-05-04,17600,17900,17350,17350,128729,17223
2016-05-09,17350,17550,16850,17200,97565,17074
2016-05-10,17350,18000,17250,18000,149264,17868
2016-05-11,18000,18050,17600,17900,90775,17769
2016-05-12,17700,18150,17550,17650,100995,17521
2016-05-13,17650,17850,17450,17650,77940,17521
2016-05-16,17650,17700,16950,16950,130838,16826
2016-05-17,17000,17200,16650,16950,100914,16826
2016-05-18,16950,16950,16350,16450,126635,16329
2016-05-19,16400,16650,16050,16200,92981,16081
2016-05-20,16200,16950,16200,16800,87849,16677
2016-05-23,16950,16950,16650,16650,48961,16528
2016-05-24,16600,16750,16150,16400,99958,16280
2016-05-25,16500,16750,16500,16600,66023,16478
2016-05-26,16750,16850,16150,16200,79141,16081
2016-05-27,16200,16500,16150,16450,49041,16329
2016-05-30,16500,16600,16200,16200,56024,16081
2016-05-31,16350,16600,16200,16500,59848,16379
2016-06-01,16650,16750,16450,16600,59789,16478
2016-06-02,16700,16700,16350,16350,53060,16230
2016-06-03,16450,16800,16250,16800,78814,16677
2016-06-07,16800,16800,16550,16750,68711,16627
2016-06-08,16750,16750,16500,16500,59313,16379
2016-06-09,16650,16750,16400,16600,73791,16478
2016-06-10,16750,17400,16650,17350,208716,17223
2016-06-13,17350,17600,17050,17250,146676,17124
2016-06-14,17250,17400,16750,16900,154190,16776
2016-06-15,16900,17100,16600,16650,147318,16528
2016-06-16,16850,16900,15500,15800,222184,15684
2016-06-17,16000,16150,15350,15450,121597,15337
2016-06-20,15550,15800,15500,15600,81924,15486
2016-06-21,15700,15800,15400,15550,71891,15436
2016-06-22,15550,15900,15350,15500,120778,15386
2016-06-23,15400,15400,14700,15000,139969,14890
2016-06-24,15500,15500,13800,14100,276512,13997
2016-06-27,13600,14200,13400,14100,177488,13997
2016-06-28,14000,14650,13900,14600,94028,14493
2016-06-29,14750,14950,14550,14800,100156,14691
2016-06-30,14900,15300,14650,15250,88228,15138
2016-07-01,15250,15700,15200,15550,104353,15436
2016-07-04,15350,15950,15350,15900,90255,15783
2016-07-05,15850,16000,15550,15850,74150,15734
2016-07-06,15800,16000,15600,15700,58346,15585
2016-07-07,15850,16050,15700,15900,36590,15783
2016-07-08,15950,16000,15600,15750,75529,15635
2016-07-11,15800,16200,15750,16050,90356,15932
2016-07-12,16150,16250,15850,15850,77600,15734
2016-07-13,16050,16150,15800,15950,47688,15833
2016-07-14,15950,16150,15850,15900,28552,15783
2016-07-15,15900,16100,15650,15650,64658,15535
2016-07-18,15700,15800,15500,15650,31619,15535
2016-07-19,15750,15850,15450,15550,35876,15436
2016-07-20,15550,15700,15400,15500,42834,15386
2016-07-21,15500,16000,15500,15600,64376,15486
2016-07-22,15950,16300,15600,15700,130424,15585
2016-07-25,15800,16500,15800,16500,163771,16379
2016-07-26,16400,16700,16150,16250,106811,16131
2016-07-27,16250,16450,15650,15750,142929,15635
2016-07-28,15750,15800,15200,15300,162155,15188
2016-07-29,15350,15550,15300,15500,55739,15386
2016-08-01,15650,15700,15000,15000,130739,14890
2016-08-02,14900,15250,14650,14800,97748,14691
2016-08-03,14750,15200,14650,15200,60904,15089
2016-08-04,15100,15300,15000,15050,40071,14940
2016-08-05,15050,15250,14500,14700,97061,14592
2016-08-08,14700,15050,14700,14900,63947,14791
2016-08-09,15050,15500,15050,15350,72799,15237
2016-08-10,15350,15450,15250,15300,40853,15188
2016-08-11,15200,15350,15100,15350,68782,15237
2016-08-12,15400,15600,15200,15550,110028,15436
2016-08-16,15550,15800,15500,15600,81947,15486
2016-08-17,15600,15600,15250,15400,66648,15287
2016-08-18,15400,15650,15150,15600,87529,15486
2016-08-19,15500,15750,15350,15450,67062,15337
2016-08-22,15350,15700,15150,15200,55251,15089
2016-08-23,15200,15350,15050,15200,40155,15089
2016-08-24,15200,15750,15200,15700,95896,15585
2016-08-25,15700,15700,15300,15300,37151,15188
2016-08-26,15400,15800,15250,15750,94826,15635
2016-08-29,15800,15800,15100,15200,96785,15089
2016-08-30,15300,15700,15200,15550,49794,15436
2016-08-31,15450,15500,14800,15350,95361,15237
2016-09-01,15250,15350,15100,15250,17263,15138
2016-09-02,15200,15350,15150,15200,62657,15089
2016-09-05,15300,15800,15300,15800,125067,15684
2016-09-06,15700,15950,15450,15650,100736,15535
2016-09-07,15550,15800,15350,15600,65263,15486
2016-09-08,15550,15600,15000,15100,81138,14989
2016-09-09,15150,15250,14900,14900,46157,14791
2016-09-12,14600,15300,14600,14800,47510,14691
2016-09-13,14900,15150,14850,14900,29223,14791
2016-09-19,14900,15250,14850,15050,23865,14940
2016-09-20,15000,15150,14950,15100,29273,14989
2016-09-21,15100,15200,15000,15200,26859,15089
2016-09-22,15250,15450,15150,15400,38190,15287
2016-09-23,15350,15500,15300,15400,25596,15287
2016-09-26,15450,15450,15250,15300,17164,15188
2016-09-27,15150,15350,15100,15200,29621,15089
2016-09-28,15250,15400,15200,15350,28116,15237
2016-09-29,15450,15450,15200,15350,23220,15237
2016-09-30,15350,15500,15250,15350,32901,15237
2016-10-04,15350,15650,15350,15450,47632,15337
2016-10-05,15550,15550,15300,15350,20046,15237
2016-10-06,15350,15350,14950,15050,55754,14940
2016-10-07,15000,15050,14700,14800,42928,14691
2016-10-10,14800,14900,14600,14800,20961,14691
2016-10-11,14850,14900,14650,14800,24876,14691
2016-10-12,14550,14750,14500,14700,46586,14592
2016-10-13,14700,14800,14250,14300,50205,14195
2016-10-14,14300,14550,14300,14400,30541,14294
2016-10-17,14500,14550,14250,14250,28514,14145
2016-10-18,14250,14300,14000,14050,40342,13947
2016-10-19,14150,14300,13950,14200,39492,14096
2016-10-20,14100,14200,13650,13900,63261,13798
2016-10-21,14100,14100,13750,13850,36578,13748
2016-10-24,13700,13950,13450,13500,63062,13401
2016-10-25,13450,13500,13000,13300,95547,13202
2016-10-26,13000,13300,12900,13100,48987,13004
2016-10-27,13100,13650,13100,13450,59254,13351
2016-10-28,13450,13650,12800,12900,94261,12805
2016-10-31,12900,12900,12250,12250,63497,12160
2016-11-01,12250,12700,12250,12400,38677,12309
2016-11-02,12350,12400,11850,12000,50825,11912
2016-11-03,12000,12400,12000,12100,45211,12011
2016-11-04,12050,12200,11950,12050,33390,11962
2016-11-07,12200,12400,12050,12250,34255,12160
2016-11-08,12400,12800,12300,12750,56957,12656
2016-11-09,12650,12900,11800,12250,134342,12160
2016-11-10,12500,12900,12450,12550,74136,12458
2016-11-11,12700,12850,12500,12600,43847,12508
2016-11-14,12750,12750,12250,12300,57924,12210
2016-11-15,12200,12400,11950,12100,57740,12011
2016-11-16,12100,12400,12050,12350,40675,12259
2016-11-17,12350,12500,12200,12350,27305,12259
2016-11-18,12400,12450,12000,12050,51591,11962
2016-11-21,12100,12100,11700,11850,49949,11763
2016-11-22,11850,12000,11550,11600,53799,11515
2016-11-23,11700,11750,11400,11450,62166,11366
2016-11-24,11350,11600,11350,11550,52783,11465
2016-11-25,11450,11850,11450,11750,55775,11664
2016-11-28,11900,11950,11600,11850,60052,11763
2016-11-29,12050,12750,12000,12400,186822,12309
2016-11-30,12450,12650,12250,12400,90446,12309
2016-12-01,12500,12600,12250,12450,48655,12359
2016-12-02,12500,12700,12250,12450,70141,12359
2016-12-05,12450,12450,12200,12300,38275,12210
2016-12-06,12400,13050,12300,12950,101943,12855
2016-12-07,13050,13100,12700,13000,39392,12905
2016-12-08,12900,13050,12800,12800,36011,12706
2016-12-09,12850,13200,12850,13200,40583,13103
2016-12-12,13350,13500,13000,13100,56235,13004
2016-12-13,13200,13250,13050,13200,18549,13103
2016-12-14,13200,13400,13100,13200,16442,13103
2016-12-15,13200,13650,12950,13600,72041,13500
2016-12-16,13600,13800,13450,13600,21805,13500
2016-12-19,13600,13700,13400,13600,20299,13500
2016-12-20,13850,13850,13400,13450,40272,13351
2016-12-21,13450,13600,13200,13250,23261,13153
2016-12-22,13150,13500,13150,13450,20220,13351
2016-12-23,13550,13550,13350,13350,14110,13252
2016-12-26,13300,14050,13150,13700,62294,13600
2016-12-27,13700,13850,13550,13700,8290,13600
2016-12-28,13600,13850,13500,13550,17737,13550
2016-12-29,13500,13750,13450,13650,14867,13650
2017-01-02,13650,13850,13300,13300,30319,13300
2017-01-03,13350,13400,13050,13100,37256,13100
2017-01-04,13250,13450,13150,13250,31189,13250
2017-01-05,13500,13550,13250,13550,39784,13550
2017-01-06,13550,13700,13350,13600,22193,13600
2017-01-09,13700,13700,13450,13550,23411,13550
2017-01-10,13600,13600,13050,13150,32984,13150
2017-01-11,13100,13250,13050,13100,28397,13100
2017-01-12,13050,13200,12850,12900,23666,12900
2017-01-13,12900,13250,12850,13000,15159,13000
2017-01-16,13150,13150,12800,12850,15746,12850
2017-01-17,12900,13050,12550,12850,26600,12850
2017-01-18,12900,12900,12300,12450,67515,12450
2017-01-19,12550,12650,12350,12650,19856,12650
2017-01-20,12650,13050,12550,12950,29923,12950
2017-01-23,12900,13000,12750,12750,18836,12750
2017-01-24,12650,12800,12600,12700,7079,12700
2017-01-25,12650,12900,12450,12500,33081,12500
2017-01-26,12550,12750,12400,12650,13396,12650
2017-01-31,12650,12800,12600,12750,15448,12750
2017-02-01,12800,13250,12800,13100,56110,13100
2017-02-02,13200,13300,12950,13000,29055,13000
2017-02-03,13100,13300,13000,13250,42129,13250
2017-02-06,13350,13500,13200,13350,41885,13350
2017-02-07,13500,14050,13250,13900,132997,13900
2017-02-08,13850,14050,13700,14050,47376,14050
2017-02-09,14100,14600,13500,14500,119543,14500
2017-02-10,14500,14550,14250,14250,46563,14250
2017-02-13,14350,14350,13800,13850,36558,13850
2017-02-14,14000,14000,13500,13850,55994,13850
2017-02-15,14000,14500,13900,14350,63451,14350
2017-02-16,14450,14450,14100,14350,33252,14350
2017-02-17,14350,14500,14150,14500,31630,14500
2017-02-20,14500,14700,14400,14450,43837,14450
2017-02-21,14400,14600,14400,14500,28343,14500
2017-02-22,14550,14650,14400,14500,15210,14500
2017-02-23,14300,14450,13950,14000,61334,14000
2017-02-24,14000,14150,13750,13900,36569,13900
2017-02-27,13950,14050,13700,14000,27451,14000
2017-02-28,13950,14150,13850,13900,19446,13900
2017-03-02,13900,14100,13150,13200,71346,13200
2017-03-03,13250,13300,12700,12900,79488,12900
2017-03-06,12900,13250,12900,13200,20193,13200
2017-03-07,13200,13300,13100,13200,19119,13200
2017-03-08,13200,13250,13050,13200,19873,13200
2017-03-09,13200,13200,13050,13150,26211,13150
2017-03-10,13050,13200,12950,13200,14599,13200
2017-03-13,13200,13300,13100,13250,23194,13250
2017-03-14,13350,13350,13100,13350,29597,13350
2017-03-15,13250,13450,13150,13300,22297,13300
2017-03-16,13400,13450,13200,13300,19594,13300
2017-03-17,13350,13400,13100,13250,29032,13250
2017-03-20,13150,13350,13000,13050,28322,13050
2017-03-21,13350,13350,13050,13150,31065,13150
2017-03-22,13150,13150,12800,13050,49644,13050
2017-03-23,13050,13050,12700,12750,44469,12750
2017-03-24,12800,12800,12150,12350,144209,12350
2017-03-27,12350,12450,12250,12250,65982,12250
2017-03-28,12300,12400,12150,12350,39797,12350
2017-03-29,12350,12450,12200,12450,32586,12450
2017-03-30,12450,12450,11900,12050,121543,12050
2017-03-31,12050,12100,11800,12000,69143,12000
2017-04-03,12150,12350,11900,12250,97073,12250
2017-04-04,12350,12500,12250,12400,62139,12400
2017-04-05,12400,12450,12200,12300,42597,12300
2017-04-06,12300,12350,12000,12150,62653,12150
2017-04-07,12200,12300,12050,12300,43981,12300
2017-04-10,12450,12450,11850,12050,95659,12050
2017-04-11,11900,12100,11850,12050,60044,12050
2017-04-12,12050,12150,11950,12100,25014,12100
2017-04-13,12150,12300,12100,12250,35907,12250
2017-04-14,12250,12300,12100,12300,43728,12300
2017-04-17,12300,12700,12200,12600,90084,12600
2017-04-18,12700,13100,12650,13100,174360,13100
2017-04-19,13000,13300,12950,13250,75388,13250
2017-04-20,13250,13300,12950,12950,74001,12950
2017-04-21,12950,13400,12950,13400,67387,13400
2017-04-24,13350,13350,13100,13350,38453,13350
2017-04-25,13200,13400,13150,13200,43846,13200
2017-04-26,13350,13350,12950,13100,53282,13100
2017-04-27,13150,13150,12850,13000,23418,13000
2017-04-28,13000,13050,12750,12750,47776,12750
2017-05-02,12750,12750,11750,12550,248221,12550
2017-05-04,12550,12900,12400,12850,44839,12850
2017-05-08,12850,13050,12800,12950,53346,12950
2017-05-10,12950,13250,12750,13100,65972,13100
2017-05-11,13200,13200,12900,13100,42343,13100
2017-05-12,13200,13250,12700,12900,49887,12900
2017-05-15,12900,13150,12700,13100,56450,13100
2017-05-16,13150,13150,12800,12950,38015,12950
2017-05-17,12800,12950,12550,12550,61222,12550
2017-05-18,12650,12850,12450,12600,32655,12600
2017-05-19,12650,12900,12600,12850,28070,12850
2017-05-22,12950,13100,12900,13100,44343,13100
2017-05-23,13100,13200,12900,13050,48287,13050
2017-05-24,13100,13100,12800,13000,41502,13000
2017-05-25,13000,13500,12900,13450,110616,13450
2017-05-26,13450,13500,13200,13400,36081,13400
2017-05-29,13400,13450,12950,12950,64219,12950
2017-05-30,12950,13800,12900,13750,110735,13750
2017-05-31,13750,14150,13650,13850,120310,13850
2017-06-01,13800,13850,13500,13600,60083,13600
2017-06-02,13700,13900,13600,13850,42582,13850
2017-06-05,13900,13900,13550,13800,22978,13800
2017-06-07,13800,13850,13450,13650,58891,13650
2017-06-08,13500,13600,13350,13450,72695,13450
2017-06-09,13450,13650,13250,13450,66177,13450
2017-06-12,13450,13450,13250,13400,23656,13400
2017-06-13,13400,13650,13350,13650,33177,13650
2017-06-14,13650,13650,13450,13500,22643,13500
2017-06-15,13500,13550,13200,13450,36955,13450
2017-06-16,13450,13650,13250,13550,44031,13550
2017-06-19,13550,13900,13550,13750,68716,13750
2017-06-20,13750,13800,13450,13450,63127,13450
2017-06-21,13350,13500,13150,13250,59893,13250
2017-06-22,13250,13400,13000,13050,46618,13050
2017-06-23,13100,13150,13050,13050,13047,13050
2017-06-26,13050,13300,12950,13000,29057,13000
2017-06-27,13050,13250,12650,12700,198246,12700
2017-06-28,12750,12750,12150,12300,247200,12300
2017-06-29,12350,12400,11750,12150,402660,12150
2017-06-30,12100,12300,11900,12150,123925,12150
2017-07-03,12500,12650,12150,12350,266387,12350
2017-07-04,12500,12600,12250,12400,116979,12400
2017-07-05,12300,13100,12300,13100,242202,13100
2017-07-06,13050,13200,12900,12950,66308,12950
2017-07-07,12800,13950,12800,13550,458027,13550
2017-07-10,13500,13900,13500,13750,148337,13750
2017-07-11,13800,13800,13550,13700,75380,13700
2017-07-12,13700,14250,13550,13700,195264,13700
2017-07-13,13700,13800,13350,13500,112726,13500
2017-07-14,13500,13750,13400,13750,77417,13750
2017-07-17,13750,13850,13500,13550,67675,13550
2017-07-18,13550,13650,13300,13500,43802,13500
2017-07-19,13550,14300,13550,14300,351564,14300
2017-07-20,14250,14250,13800,14150,186528,14150
2017-07-21,14200,14400,14050,14100,85272,14100
2017-07-24,14150,14150,13650,13850,143591,13850
2017-07-25,13900,14250,13750,13950,125099,13950
2017-07-26,14100,14250,13900,14100,98072,14100
2017-07-27,14200,14500,14150,14150,131619,14150
2017-07-28,14200,14250,13650,13850,117481,13850
2017-07-31,13800,13850,12950,13000,195417,13000
2017-08-01,13000,13450,12850,13200,78376,13200
2017-08-02,13200,13400,13100,13300,37013,13300
2017-08-03,13300,13300,12400,12500,212968,12500
2017-08-04,12400,12750,12400,12650,54732,12650
2017-08-07,12700,12750,12500,12700,75413,12700
2017-08-08,12700,12750,12500,12500,74227,12500
2017-08-09,12500,12550,12000,12050,207348,12050
2017-08-10,12100,12500,12100,12200,112803,12200
2017-08-11,12050,12400,12000,12250,79267,12250
2017-08-14,12350,12400,12100,12300,55401,12300
2017-08-16,12300,12550,12300,12400,59827,12400
2017-08-17,12450,12800,12400,12750,78974,12750
2017-08-18,12650,12700,12450,12500,85194,12500
2017-08-21,12650,12650,12400,12600,57649,12600
2017-08-22,12600,12650,12250,12300,65965,12300
2017-08-23,12400,12750,12250,12750,94783,12750
2017-08-24,12750,12950,12600,12800,70359,12800
2017-08-25,12850,13250,12800,13050,76276,13050
2017-08-28,13150,13800,13050,13750,257629,13750
2017-08-29,13650,13700,13350,13600,80743,13600
2017-08-30,13550,13650,13350,13500,54957,13500
2017-08-31,13500,13600,13250,13500,56703,13500
2017-09-01,13500,13600,13250,13350,84660,13350
2017-09-04,12900,13300,12900,13200,58154,13200
2017-09-05,13200,13350,12900,13200,51533,13200
2017-09-06,13200,13300,12900,13000,36248,13000
2017-09-07,13050,13250,12950,13200,44350,13200
2017-09-08,13200,13200,12850,12900,51066,12900
2017-09-11,12750,13050,12750,12900,44790,12900
2017-09-12,12900,13000,12700,12800,48070,12800
2017-09-13,12900,12950,12500,12550,68660,12550
2017-09-14,12600,12650,12250,12600,72313,12600
2017-09-15,12550,12650,12400,12500,28048,12500
2017-09-18,12400,12800,12400,12800,61901,12800
2017-09-19,12850,12850,12450,12750,67891,12750
2017-09-20,13250,13450,13050,13100,257256,13100
2017-09-21,13100,13250,12950,13000,73701,13000
2017-09-25,13000,13300,12500,12600,145414,12600
2017-09-26,12600,12600,12600,12600,0,12600
2017-09-27,12950,12950,12600,12700,61648,12700
2017-09-28,12850,13100,12700,12750,39749,12750
2017-09-29,12850,13050,12700,13000,39378,13000
2017-10-10,13000,13200,12850,13050,40795,13050
2017-10-11,13050,13100,12900,13000,35541,13000
2017-10-12,13100,13100,12750,12900,51872,12900
2017-10-13,12850,12950,12550,12650,60857,12650
2017-10-16,12700,13000,12700,12850,59805,12850
2017-10-17,13050,13650,12950,13650,247090,13650
2017-10-18,13650,13800,13400,13600,125058,13600
2017-10-19,13600,13650,13300,13300,106670,13300
2017-10-20,13400,13550,13200,13300,87716,13300
2017-10-23,13250,13400,13150,13300,58650,13300
2017-10-24,13500,13700,13300,13550,88896,13550
2017-10-25,13450,13550,13350,13400,61909,13400
2017-10-26,13500,13500,13250,13300,58807,13300
2017-10-27,13400,14000,13300,13700,169380,13700
2017-10-30,13800,13850,13550,13700,74446,13700
2017-10-31,13700,13800,13600,13650,35319,13650
2017-11-01,13750,13750,13350,13500,79883,13500
2017-11-02,13450,13500,13200,13300,66390,13300
2017-11-03,13300,13750,13250,13500,89778,13500
2017-11-06,13150,13350,12800,13050,172371,13050
2017-11-07,13050,14000,12950,13850,185777,13850
2017-11-08,13750,14100,13700,14000,107175,14000
2017-11-09,14000,14000,13550,13800,83029,13800
2017-11-10,13800,13950,13600,13750,70636,13750
2017-11-13,13800,14350,13700,14300,212672,14300
2017-11-14,14350,14350,13950,14050,113463,14050
2017-11-15,14150,14250,13750,13950,108118,13950
2017-11-16,14150,14600,14100,14400,345709,14400
2017-11-17,14550,14550,13600,13750,267398,13750
2017-11-20,13700,13750,13400,13450,153066,13450
2017-11-21,13550,13800,13300,13350,313946,13350
2017-11-22,13450,13650,13250,13250,207965,13250
2017-11-23,13700,14100,13650,13900,400856,13900
2017-11-24,14000,14250,13700,14150,305384,14150
2017-11-27,14250,14400,14100,14200,203815,14200
2017-11-28,14200,14300,13500,13550,216983,13550
2017-11-29,13550,14400,13550,14350,243156,14350
2017-11-30,14350,14750,14050,14100,200470,14100
2017-12-01,14350,14350,14000,14200,81633,14200
2017-12-04,14250,14550,13950,13950,116045,13950
2017-12-05,14050,14150,13650,13650,134050,13650
2017-12-06,13650,13900,13350,13400,140555,13400
2017-12-07,13450,13600,13100,13150,121392,13150
2017-12-08,13150,13450,13100,13100,60316,13100
2017-12-11,13200,13350,13050,13350,86706,13350
2017-12-12,13450,13950,13300,13850,219118,13850
2017-12-13,14250,14300,13500,13600,251933,13600
2017-12-14,13600,13750,13500,13550,60842,13550
2017-12-15,13450,13700,13450,13450,79817,13450
2017-12-18,13500,13700,13400,13550,55133,13550
2017-12-19,13600,13600,13250,13300,45074,13300
2017-12-21,13300,13400,12900,12950,102119,12950
2017-12-22,13100,13150,12750,13100,58586,13100
2017-12-26,13150,13150,12850,13050,73666,13050
2017-12-27,13050,13250,12800,13150,73817,13150
2017-12-28,13200,13450,13100,13350,63023,13350
2018-01-02,13450,13450,13100,13300,98142,13300
2018-01-03,13350,13600,13300,13500,75719,13500
2018-01-04,13500,13550,13250,13250,93325,13250
2018-01-05,13200,13300,12900,13150,154746,13150
2018-01-08,13150,13350,13000,13000,107739,13000
2018-01-09,13100,13200,12950,12950,84156,12950
2018-01-10,13000,13200,12900,13200,62384,13200
2018-01-11,13150,13200,12950,13000,69301,13000
2018-01-12,13100,13200,12900,13000,99676,13000
2018-01-15,13100,13550,12900,13500,142664,13500
2018-01-16,13500,13900,13350,13800,185312,13800
2018-01-17,13650,13750,13500,13550,79797,13550
2018-01-18,13850,13850,13600,13650,61280,13650
2018-01-19,14050,14250,13700,13800,262175,13800
2018-01-22,13850,14850,13650,14750,548702,14750
2018-01-23,14850,14850,14400,14650,309913,14650
2018-01-24,14550,14700,14250,14350,293484,14350
2018-01-25,14350,14550,14050,14150,235746,14150
2018-01-26,14150,14300,13900,14200,262824,14200
2018-01-29,14300,14600,14300,14450,219261,14450
2018-01-30,14350,14400,13750,13850,290174,13850
2018-01-31,13750,13950,13600,13650,159279,13650
2018-02-01,13700,13850,13500,13600,159214,13600
2018-02-02,13500,13650,13350,13500,101761,13500
2018-02-05,13250,13350,13100,13250,94331,13250
2018-02-06,12850,12900,12200,12600,336482,12600
2018-02-07,12800,12950,12500,12550,145064,12550
2018-02-08,12550,12750,12550,12750,58448,12750
2018-02-09,12300,12600,12250,12350,124970,12350
2018-02-12,12300,12700,12250,12650,56556,12650
2018-02-13,12750,12750,12450,12450,58934,12450
2018-02-14,12450,12650,12450,12650,89820,12650
2018-02-19,12750,12950,12700,12850,85654,12850
2018-02-20,12900,12900,12650,12750,68430,12750
2018-02-21,12900,12950,12700,12850,70285,12850
2018-02-22,12800,12850,12650,12650,81391,12650
2018-02-23,12600,12750,12400,12500,144081,12500
2018-02-26,12600,12650,12300,12350,94798,12350
2018-02-27,12500,12600,12300,12400,81548,12400
2018-02-28,12350,12400,12100,12200,66997,12200
2018-03-02,12100,12200,11900,12050,78744,12050
2018-03-05,12150,12150,11900,12000,119415,12000
2018-03-06,12200,12200,11850,12150,94177,12150
2018-03-08,12100,12550,12100,12400,121108,12400
2018-03-09,12450,12600,12350,12500,72597,12500
2018-03-12,12500,12650,12450,12650,97656,12650
2018-03-13,12750,12800,12600,12750,71581,12750
2018-03-14,12650,12800,12600,12800,54705,12800
2018-03-15,12800,12850,12650,12750,50222,12750
2018-03-16,12650,12750,12500,12700,38585,12700
2018-03-19,12750,12750,12450,12500,45805,12500
2018-03-20,12350,12600,12350,12600,15306,12600
2018-03-21,12600,12650,12500,12500,31365,12500
2018-03-22,12600,12600,12400,12600,44251,12600
2018-03-23,12250,12450,12050,12100,72039,12100
2018-03-26,11900,12250,11900,12200,50788,12200
2018-03-27,12250,12350,12050,12100,58169,12100
2018-03-28,11950,12200,11850,12150,78949,12150
2018-03-29,12100,12350,12050,12350,34386,12350
2018-03-30,12450,12500,12350,12450,28882,12450
2018-04-02,12450,12450,12150,12250,59048,12250
2018-04-03,12050,12200,11950,12100,71582,12100
2018-04-04,12150,12300,12050,12250,60642,12250
2018-04-05,12250,12300,12050,12100,53952,12100
2018-04-06,12100,12350,12050,12300,56497,12300
2018-04-09,12150,13450,12150,13350,450104,13350
2018-04-10,13400,13600,13200,13400,195355,13400
2018-04-11,13550,13700,13350,13600,227188,13600
2018-04-12,13650,13650,13150,13250,104366,13250
2018-04-13,13250,13250,12850,13000,116660,13000
2018-04-16,12900,13150,12900,13100,37996,13100
2018-04-17,13150,13200,12800,13100,69732,13100
2018-04-18,13100,13200,12800,12900,53040,12900
2018-04-19,12900,13100,12700,13050,83641,13050
2018-04-20,13000,13300,12750,12850,76963,12850
2018-04-23,12850,12850,12600,12650,64339,12650
2018-04-24,12700,12800,12500,12500,55373,12500
2018-04-25,12450,12650,12400,12500,64179,12500
2018-04-26,12600,12600,12450,12450,27988,12450
2018-04-27,12550,12550,12350,12550,50503,12550
2018-04-30,12200,12300,11950,12050,240519,12050
2018-05-02,12050,12350,11950,12250,76511,12250
2018-05-03,12200,12300,12100,12200,35324,12200
2018-05-04,12150,12150,11900,12000,115121,12000
2018-05-08,12000,12050,11800,11800,61510,11800
2018-05-09,11950,12150,11550,12100,76427,12100
2018-05-10,12100,12300,11800,11900,86974,11900
2018-05-11,11900,12100,11800,11900,70968,11900
2018-05-14,11900,11950,11450,11550,156076,11550
2018-05-15,11550,11650,11350,11400,125040,11400
2018-05-16,11500,11550,11150,11550,104043,11550
2018-05-17,11500,11650,11400,11600,49182,11600
2018-05-18,11500,11700,11500,11550,29569,11550
2018-05-21,11700,11850,11650,11750,42777,11750
2018-05-23,11750,11750,11550,11600,24995,11600
2018-05-24,11600,11700,11500,11650,18680,11650
2018-05-25,11600,11750,11400,11750,51738,11750
2018-05-28,11700,11800,11400,11500,59710,11500
2018-05-29,11500,11600,11350,11350,35366,11350
2018-05-30,11350,11450,11100,11150,49798,11150
2018-05-31,11300,11650,11250,11600,42201,11600
2018-06-01,11550,11950,11500,11800,58767,11800
2018-06-04,11800,12000,11600,12000,50225,12000
2018-06-05,11950,12600,11950,12450,165900,12450
2018-06-07,12400,12500,12300,12450,36161,12450
2018-06-08,12300,12500,12100,12450,51919,12450
2018-06-11,12500,12500,12200,12450,20410,12450
2018-06-12,12450,12500,12200,12350,36324,12350
2018-06-14,12350,12350,11950,12100,55279,12100
2018-06-15,12200,12300,11950,12150,37314,12150
2018-06-18,12000,12200,11650,12100,65297,12100
2018-06-19,12050,12100,11500,11500,59120,11500
2018-06-20,11500,11800,11450,11750,48163,11750
2018-06-21,11650,12800,11600,12700,251931,12700
2018-06-22,12650,13000,12400,12950,192027,12950
2018-06-25,13200,13350,12750,12800,115886,12800
2018-06-26,12700,13550,12500,13500,340027,13500
2018-06-27,13500,13700,13100,13100,162610,13100
2018-06-28,13000,13500,12900,13450,175733,13450
2018-06-29,13350,13600,12850,13550,110316,13550
2018-07-02,13350,13600,13000,13000,112963,13000
2018-07-03,13050,13200,12350,13000,207009,13000
2018-07-04,12750,13350,12650,13300,131428,13300
2018-07-05,13250,13400,12500,13000,158124,13000
2018-07-06,13100,13400,12800,13200,107429,13200
2018-07-09,13200,13650,13200,13400,143176,13400
2018-07-10,13400,13550,13300,13400,25981,13400
2018-07-11,13400,13550,13000,13450,54209,13450
2018-07-12,13450,13450,13050,13150,49304,13150
2018-07-13,13150,13200,12750,12800,95729,12800
2018-07-16,13100,13750,12900,13600,390907,13600
2018-07-17,13750,13950,13500,13500,158850,13500
2018-07-18,13650,13650,13050,13150,88634,13150
2018-07-19,13100,13150,12650,12800,148522,12800
2018-07-20,12800,13050,12600,12650,75160,12650
2018-07-23,12650,12800,12350,12350,42604,12350
2018-07-24,12300,12450,12050,12150,59986,12150
2018-07-26,12250,12250,12050,12250,33649,12250
2018-07-27,12250,12450,12050,12400,53565,12400
2018-07-30,12400,12450,12200,12350,13273,12350
2018-07-31,12450,12500,11900,12100,99590,12100
2018-08-01,12150,12350,12000,12300,28082,12300
2018-08-02,12200,12400,12000,12100,56217,12100
2018-08-03,12200,12400,12150,12300,38273,12300
2018-08-06,12200,12400,12100,12100,18241,12100
2018-08-07,12100,12400,12100,12250,14440,12250
2018-08-08,12200,12450,12200,12250,12165,12250
2018-08-09,12200,12400,12150,12200,30483,12200
2018-08-10,12200,12300,12050,12100,34252,12100
2018-08-13,12050,12100,11650,11650,50364,11650
2018-08-14,11500,11900,11500,11700,29400,11700
2018-08-16,11600,11850,11600,11850,36041,11850
2018-08-17,11900,11950,11800,11900,22085,11900
2018-08-20,11900,12000,11850,11950,17260,11950
2018-08-21,11950,12100,11850,11950,19369,11950
2018-08-22,12000,12150,11650,11750,87429,11750
2018-08-23,11750,11850,11650,11750,32146,11750
2018-08-24,11750,12000,11700,12000,28300,12000
2018-08-27,12100,12150,11850,12050,36946,12050
2018-08-28,12050,12250,11900,12000,32925,12000
2018-08-29,12100,12150,11900,11900,23069,11900
2018-08-30,11950,12250,11950,11950,43712,11950
2018-08-31,11950,12250,11900,12150,58102,12150
2018-09-03,12150,12400,12000,12050,59556,12050
2018-09-04,12050,12450,12000,12300,82400,12300
2018-09-05,12300,12300,11950,12000,60935,12000
2018-09-06,12050,12050,11800,11900,37243,11900
2018-09-07,12000,12000,11850,11950,14819,11950
2018-09-10,12150,12150,11850,12000,38896,12000
2018-09-11,11900,12050,11850,11900,33528,11900
2018-09-12,11900,11950,11700,11800,59795,11800
2018-09-13,11800,11850,11600,11650,64431,11650
2018-09-14,11750,11750,11600,11750,45741,11750
2018-09-17,11750,11750,11500,11500,62062,11500
2018-09-18,11550,11600,11250,11500,62300,11500
2018-09-19,11450,11550,11150,11250,79343,11250
2018-09-20,11200,11400,10900,11000,111267,11000
2018-09-21,10900,11200,10750,10950,84399,10950
2018-09-27,11050,11050,10200,10350,300646,10350
2018-09-28,10350,11250,10250,11100,209504,11100
2018-10-01,11250,11250,10700,10800,72621,10800
2018-10-02,10900,11050,10650,10750,59029,10750
2018-10-04,10700,10950,10650,10900,29335,10900
2018-10-05,10800,10950,10700,10850,21069,10850
2018-10-08,10800,10900,10650,10700,26849,10700
2018-10-10,10650,10700,10250,10300,59697,10300
2018-10-11,10000,10000,9590,9600,129378,9600
2018-10-12,9450,9900,9450,9650,95401,9650
2018-10-15,9650,9740,9530,9650,24316,9650
2018-10-16,9610,9990,9600,9750,50037,9750
2018-10-17,9820,9920,9630,9730,72952,9730
2018-10-18,9690,9920,9670,9910,30136,9910
2018-10-19,9830,9880,9760,9830,34715,9830
2018-10-22,9920,10150,9750,10100,29830,10100
2018-10-23,9980,10150,9660,9750,49504,9750
2018-10-24,9770,9880,9410,9420,70270,9420
2018-10-25,9010,9200,8800,9040,90083,9040
2018-10-26,9050,9150,8200,8430,149771,8430
2018-10-29,8230,8530,7840,7840,123633,7840
2018-10-30,7130,7840,7130,7750,217448,7750
2018-10-31,7810,8420,7810,8410,81142,8410
2018-11-01,8240,8800,8240,8660,60614,8660
2018-11-02,8610,9010,8610,8900,39065,8900
2018-11-05,8880,8880,8600,8610,27472,8610
2018-11-06,8610,8750,8520,8600,32509,8600
2018-11-07,8630,8730,8360,8500,31101,8500
2018-11-08,8590,8700,8470,8530,36949,8530
2018-11-09,8530,8600,8250,8390,34149,8390
2018-11-12,8390,8390,7970,8050,51599,8050
2018-11-13,7820,8540,7710,8070,69048,8070
2018-11-14,8010,8170,7960,8000,29502,8000
2018-11-15,8000,8320,7920,8240,34992,8240
2018-11-16,8340,8380,8210,8320,19936,8320
2018-11-19,8270,8560,8270,8520,34666,8520
2018-11-20,8430,8540,8380,8420,14881,8420
2018-11-21,8400,8480,8180,8440,19080,8440
2018-11-22,8440,8440,8260,8340,21249,8340
2018-11-23,8340,8390,8240,8250,16705,8250
2018-11-26,8170,8360,8170,8360,12156,8360
2018-11-27,8350,8630,8340,8590,18242,8590
2018-11-28,8590,8940,8410,8890,73870,8890
2018-11-29,8950,9100,8760,9010,57945,9010
2018-11-30,9090,9090,8890,8940,14869,8940
2018-12-03,8960,9110,8880,8950,23957,8950
2018-12-04,8950,8960,8750,8850,23246,8850
2018-12-05,8800,8800,8590,8660,80982,8660
2018-12-06,8680,8680,8330,8400,56970,8400
2018-12-07,8420,8540,8390,8480,17484,8480
2018-12-10,8320,8400,8150,8240,22906,8240
2018-12-11,8250,8260,8070,8200,16538,8200
2018-12-12,8200,8340,8200,8340,7194,8340
2018-12-13,8330,8650,8330,8520,26459,8520
2018-12-14,8480,8700,8350,8700,31082,8700
2018-12-17,8640,8640,8460,8500,18924,8500
2018-12-18,8440,8490,8360,8390,22467,8390
2018-12-19,8400,8540,8340,8350,35492,8350
2018-12-20,8310,8380,8270,8300,27700,8300
2018-12-21,8300,8350,8290,8350,4810,8350
2018-12-24,8350,8350,8180,8250,16662,8250
2018-12-26,8200,8200,7920,8000,35358,8000
2018-12-27,8000,8140,7930,8010,13589,8010
2018-12-28,8020,8160,8000,8050,16161,8050
2019-01-02,8120,8140,8020,8050,12696,8050
2019-01-03,8020,8070,7880,7890,24869,7890
2019-01-04,7730,7880,7700,7780,53716,7780
2019-01-07,7800,7970,7800,7970,17808,7970
2019-01-08,7930,8000,7810,7950,12806,7950
2019-01-09,7900,8140,7890,8100,18753,8100
2019-01-10,8140,8220,8050,8200,22899,8200
2019-01-11,8240,8350,8150,8210,34669,8210
2019-01-14,8240,8260,8120,8170,16105,8170
2019-01-15,8200,8260,8140,8260,21658,8260
2019-01-16,8320,8370,8230,8310,18451,8310
2019-01-17,8350,8650,8350,8490,61007,8490
2019-01-18,8540,8630,8430,8580,24196,8580
2019-01-21,8640,8640,8470,8560,35353,8560
2019-01-22,8630,8630,8500,8540,12598,8540
2019-01-23,8540,8730,8500,8580,27302,8580
2019-01-24,8590,8650,8520,8610,10258,8610
2019-01-25,8610,8810,8610,8720,37496,8720
2019-01-28,8720,8810,8630,8690,26137,8690
2019-01-29,8700,8700,8500,8560,17603,8560
2019-01-30,8520,8630,8510,8560,27333,8560
2019-01-31,8630,8640,8530,8600,14073,8600
2019-02-01,8600,8630,8480,8540,18668,8540
2019-02-07,8540,8560,8400,8530,50421,8530
2019-02-08,8460,8530,8410,8440,36957,8440
2019-02-11,8480,8520,8400,8480,49997,8480
2019-02-12,8490,8710,8450,8690,42409,8690
2019-02-13,8700,9020,8700,8890,88161,8890
2019-02-14,8930,8970,8770,8840,54699,8840
2019-02-15,8890,8890,8610,8640,65013,8640
2019-02-18,8660,8800,8500,8570,132975,8570
2019-02-19,8540,8570,8400,8500,59326,8500
2019-02-20,8630,8800,8570,8770,147218,8770
2019-02-21,8850,8980,8740,8930,111183,8930
2019-02-22,9020,9120,8850,8870,97612,8870
2019-02-25,8860,8970,8800,8950,54491,8950
2019-02-26,8940,9060,8620,8800,99068,8800
2019-02-27,8840,8840,8690,8690,51115,8690
2019-02-28,8740,8780,8540,8540,50075,8540
2019-03-04,8540,8740,8540,8740,391855,8740
2019-03-05,8840,8970,8390,8410,298592,8410
2019-03-06,8530,8880,8500,8840,286913,8840
2019-03-07,8840,9420,8840,9340,643102,9340
2019-03-08,9370,9450,9110,9450,271200,9450
2019-03-11,9370,9440,9080,9260,238897,9260
2019-03-12,9280,9410,9120,9220,209628,9220
2019-03-13,9240,9240,9040,9050,134905,9050
2019-03-14,9050,9230,9050,9140,112058,9140
2019-03-15,9150,9680,9120,9550,494033,9550
2019-03-18,9570,9570,9330,9440,142871,9440
2019-03-19,9480,9520,9380,9390,87154,9390
2019-03-20,9430,9430,9150,9310,91696,9310
2019-03-21,9300,9550,9270,9330,115486,9330
2019-03-22,9370,9690,9250,9490,115313,9490
2019-03-25,9380,9390,9010,9010,142434,9010
2019-03-26,9010,9140,9010,9130,40982,9130
2019-03-27,9150,9440,9020,9360,82043,9360
2019-03-28,9790,11950,9720,10850,7219321,10850
2019-03-29,10900,11000,10300,10700,1387289,10700
2019-04-01,11050,11100,10450,10650,903225,10650
2019-04-02,10800,11000,10550,10800,542004,10800
2019-04-03,10600,10700,10250,10400,510392,10400
2019-04-04,10400,10400,10100,10350,303530,10350
2019-04-05,10350,10600,10300,10400,322714,10400
2019-04-08,10400,10650,10300,10550,238530,10550
2019-04-09,10650,10750,10250,10350,333479,10350
2019-04-10,10350,10650,10250,10550,278794,10550
2019-04-11,10500,10750,10450,10500,195354,10500
2019-04-12,10500,10550,10350,10450,136102,10450
2019-04-15,10450,10450,10150,10350,174647,10350
2019-04-16,10350,10600,10200,10500,176134,10500
2019-04-17,10450,10800,10300,10350,205295,10350
2019-04-18,10450,10500,10300,10300,117058,10300
2019-04-19,10350,10650,10300,10450,155683,10450
2019-04-22,10500,10650,10250,10350,148773,10350
2019-04-23,10400,10700,10300,10700,215580,10700
2019-04-24,10700,10750,10450,10550,202991,10550
2019-04-25,10550,10550,10350,10350,110620,10350
2019-04-26,10400,10400,9850,9900,285764,9900
2019-04-29,9960,10400,9930,10200,132250,10200
2019-04-30,10100,10300,9990,10150,113574,10150
2019-05-02,10150,10400,10150,10350,81346,10350
2019-05-03,10350,10500,10250,10400,74839,10400
2019-05-07,10100,10350,10050,10250,60681,10250
2019-05-08,10250,10550,10150,10350,91412,10350
2019-05-09,10400,10550,9800,9970,153687,9970
2019-05-10,9970,10200,9940,10000,61706,10000
2019-05-13,10100,10200,9820,9820,103532,9820
2019-05-14,9750,10100,9610,9940,74006,9940
2019-05-15,9970,10550,9970,10450,229281,10450
2019-05-16,10400,10500,10100,10200,82877,10200
2019-05-17,10300,10750,10250,10500,249682,10500
2019-05-20,10400,10600,9950,9970,201406,9970
2019-05-21,9820,10150,9810,10100,61377,10100
2019-05-22,10250,10550,10100,10500,149395,10500
2019-05-23,10700,10750,10300,10350,131459,10350
2019-05-24,10250,10400,10000,10100,122832,10100
2019-05-27,10000,10350,10000,10300,84466,10300
2019-05-28,10300,10650,10250,10550,159235,10550
2019-05-29,10550,10550,10150,10500,136309,10500
2019-05-31,10650,11350,10650,10950,703515,10950
2019-06-03,10900,11200,10800,10900,145144,10900
2019-06-04,10950,11050,10450,10500,231189,10500
2019-06-05,10600,10700,10500,10600,98108,10600
2019-06-07,10600,10850,10500,10700,81901,10700
2019-06-10,10650,10950,10600,10900,160767,10900
2019-06-11,10900,11100,10700,10850,122561,10850
2019-06-12,10850,10850,10650,10850,108158,10850
2019-06-13,10800,10900,10650,10800,71492,10800
2019-06-14,10800,11250,10650,10800,253391,10800
2019-06-17,10800,10900,10700,10700,63239,10700
2019-06-18,10650,10900,10450,10550,105091,10550
2019-06-19,10650,10650,10500,10550,64943,10550
2019-06-20,10600,10650,10450,10600,64454,10600
2019-06-21,10700,10700,10200,10250,115663,10250
2019-06-24,10300,10350,10050,10150,74401,10150
2019-06-25,10150,10250,9950,10100,118201,10100
2019-06-26,10100,10100,9910,9950,91525,9950
2019-06-27,9970,10100,9810,9900,80772,9900
2019-06-28,9850,9940,9630,9730,58999,9730
2019-07-01,9660,9810,9660,9760,51547,9760
2019-07-02,9710,9810,9660,9780,41533,9780
2019-07-03,9750,9820,9630,9680,51755,9680
2019-07-04,9730,9860,9230,9860,169355,9860
2019-07-05,9860,9960,9700,9860,42616,9860
2019-07-08,9810,9810,9400,9460,54944,9460
2019-07-09,9460,9520,9280,9370,23976,9370
2019-07-11,9540,10050,9540,9750,68206,9750
2019-07-12,9770,9870,9650,9680,20611,9680
2019-07-15,9680,9770,9400,9410,55983,9410
2019-07-16,9510,9560,9360,9500,23856,9500
2019-07-17,9700,9700,9440,9540,55369,9540
2019-07-18,9580,9690,9510,9510,20104,9510
2019-07-19,9520,9630,9490,9550,20144,9550
2019-07-22,9590,9700,9520,9600,22187,9600
2019-07-23,9650,9700,9380,9380,43308,9380
2019-07-24,9350,9440,9250,9310,32247,9310
2019-07-25,9260,9320,8950,9190,53530,9190
2019-07-26,9070,9240,8880,9140,71726,9140
2019-07-29,9100,9160,8690,8690,68049,8690
2019-07-30,8630,8970,8630,8940,40706,8940
2019-07-31,8940,9190,8850,9240,88295,9240
2019-08-01,9230,9290,8940,9100,35172,9100
2019-08-02,9100,9560,9010,9450,89018,9450
2019-08-05,9440,9800,8710,8720,82306,8720
2019-08-06,8520,8840,8010,8280,120090,8280
2019-08-07,8310,8550,8250,8500,78090,8500
2019-08-08,8460,9070,8460,8910,79218,8910
2019-08-09,9000,9000,8850,8930,22094,8930
2019-08-12,8950,9160,8770,9090,32600,9090
2019-08-13,9080,9210,8980,9170,31783,9170
2019-08-14,9170,9500,9170,9300,79715,9300
2019-08-16,9150,9240,9120,9320,7151,9320
2019-08-19,9330,9360,9170,9190,18064,9190
2019-08-20,9160,9280,9120,9260,32968,9260
2019-08-21,9200,9380,9200,9240,35193,9240
2019-08-22,9320,9560,9260,9350,43393,9350
2019-08-23,9260,9440,9240,9340,19171,9340
2019-08-26,9210,9470,9150,9210,35172,9210
2019-08-27,9240,9450,9210,9210,23749,9210
2019-08-28,9210,9290,9150,9210,15974,9210
2019-08-29,9170,9310,9090,9220,22880,9220
2019-08-30,9220,9350,9190,9240,22156,9240
2019-09-02,9350,9350,9240,9240,15027,9240
2019-09-03,9200,9530,9200,9410,43525,9410
2019-09-04,9200,9530,9320,9450,21770,9450
2019-09-05,9450,9530,9350,9450,27122,9450
2019-09-06,9410,9500,9400,9470,22304,9470
2019-09-09,9460,9690,9460,9610,50722,9610
2019-09-10,9680,9700,9440,9550,30937,9550
2019-09-11,9490,9590,9460,9530,22798,9530
2019-09-16,9550,9550,9390,9390,44434,9390
2019-09-17,9350,9560,9350,9510,53710,9510
2019-09-18,9500,9650,9480,9640,50653,9640
2019-09-19,9700,9710,9520,9520,40900,9520
2019-09-20,9530,9650,9530,9550,25717,9550
2019-09-23,9550,9550,9310,9360,74307,9360
2019-09-24,9280,9480,9250,9440,30540,9440
2019-09-25,9430,9430,9210,9220,29439,9220
2019-09-26,9200,9320,9150,9200,25224,9200
2019-09-27,9150,9210,9090,9140,14574,9140
2019-09-30,9200,9200,8950,8980,25258,8980
2019-10-01,9020,9190,8970,8990,19502,8990
2019-10-02,8850,9010,8750,8900,22214,8900
2019-10-04,8880,8960,8500,8610,54852,8610
2019-10-07,8570,8780,8570,8690,16734,8690
2019-10-08,8750,8770,8680,8750,9068,8750
2019-10-10,8720,8830,8560,8780,19620,8780
2019-10-11,8780,8830,8650,8650,21917,8650
2019-10-14,8780,8800,8710,8760,9872,8760
2019-10-15,8750,8810,8730,8810,11350,8810
2019-10-16,8810,8900,8810,8820,12546,8820
2019-10-17,8900,8900,8590,8780,15610,8780
2019-10-18,8770,8780,8600,8670,22957,8670
2019-10-22,8620,8740,8600,8690,26360,8690
2019-10-23,8690,8690,8350,8500,34566,8500
2019-10-24,8600,8680,8390,8420,28986,8420
2019-10-25,8410,8510,8410,8450,11570,8450
2019-10-28,8530,8550,8400,8440,23015,8440
2019-10-29,8530,8600,8310,8540,32358,8540
2019-10-30,8510,8560,8360,8420,45200,8420
2019-10-31,8370,8490,8370,8480,25408,8480
2019-11-01,8440,8810,8440,8740,46027,8740
2019-11-04,8790,8990,8720,8910,42533,8910
2019-11-05,8910,8910,8700,8720,26331,8720
2019-11-06,8720,8800,8680,8740,15952,8740
2019-11-07,8740,8860,8680,8740,42773,8740
2019-11-08,8710,8820,8710,8730,14571,8730
2019-11-11,8730,8870,8690,8740,18047,8740
2019-11-12,8740,8830,8690,8790,20387,8790
2019-11-13,8800,8800,8640,8760,9762,8760
2019-11-14,8760,8760,8610,8630,18544,8630
2019-11-15,8610,8690,8580,8650,25148,8650
2019-11-18,8710,8710,8530,8570,31883,8570
2019-11-19,8600,8670,8470,8520,15537,8520
2019-11-20,8470,8530,8310,8450,42161,8450
2019-11-21,8320,8460,8130,8250,51524,8250
2019-11-22,8210,8280,8090,8180,38852,8180
2019-11-25,8150,8300,8150,8180,15509,8180
2019-11-26,8210,8260,8180,8250,14907,8250
2019-11-27,8270,8290,8190,8250,14361,8250
2019-11-28,8250,8270,8170,8200,16430,8200
2019-11-29,8150,8250,8140,8190,16019,8190
2019-12-02,8100,8190,8100,8130,14985,8130
2019-12-03,8130,8130,8050,8070,11613,8070
2019-12-04,8120,8120,7910,8000,30435,8000
2019-12-05,8060,8070,7940,7990,24748,7990
2019-12-06,7990,8040,7930,8030,20881,8030
2019-12-09,7990,8090,7970,7990,13056,7990
2019-12-10,8040,8060,7970,7990,7101,7990
2019-12-11,8050,8050,7900,7930,25485,7930
2019-12-12,7910,8010,7910,8000,9258,8000
2019-12-13,8040,8230,8000,8190,25160,8190
2019-12-16,8220,8220,8050,8100,19724,8100
2019-12-17,8060,8160,8060,8140,13094,8140
2019-12-18,8150,8150,8060,8130,18351,8130
2019-12-19,8150,8170,8080,8120,43607,8120
2019-12-20,8130,8240,8100,8140,86263,8140
2019-12-23,8130,8210,8130,8160,11090,8160
2019-12-24,8180,8200,8110,8150,18570,8150
2019-12-26,8150,8220,8130,8200,37707,8200
2019-12-27,8270,8350,8180,8300,32852,8300
2019-12-30,8330,8370,8220,8330,42755,8330
2020-01-03,8310,8470,8300,8440,57450,8440
2020-01-06,8360,8360,8200,8210,32615,8210
2020-01-07,8230,8390,8220,8360,31591,8360
2020-01-08,8310,8340,8060,8090,81015,8090
2020-01-09,8190,8290,8150,8280,44286,8280
2020-01-10,8460,8640,8350,8570,120894,8570
2020-01-13,8590,8980,8520,8950,140207,8950
2020-01-14,8950,9520,8910,9440,345894,9440
2020-01-15,9440,9490,9160,9440,145760,9440
2020-01-16,9470,10200,9470,10100,537485,10100
2020-01-17,10150,10400,9990,10000,350961,10000
2020-01-20,10000,10000,9480,9480,281031,9480
2020-01-21,9580,9730,9320,9700,137264,9700
2020-01-22,9780,9930,9690,9860,119244,9860
2020-01-23,9920,9920,9740,9780,24428,9780
2020-01-28,9410,9740,9370,9710,150534,9710
2020-01-29,9810,10400,9590,10250,237462,10250
2020-01-30,10250,10300,9960,10150,164890,10150
2020-01-31,10250,11050,10100,10550,658193,10550
2020-02-03,10550,10800,10250,10500,199316,10500
2020-02-04,10450,11000,10450,10800,198653,10800
2020-02-05,11000,11100,10550,10750,169468,10750
2020-02-06,10900,10900,10600,10750,108226,10750
2020-02-07,10850,10900,10450,10600,112904,10600
2020-02-10,10550,10700,10250,10700,82879,10700
2020-02-11,10600,10850,10250,10300,147003,10300
2020-02-12,10300,11250,10050,10700,377002,10700
2020-02-13,10500,10550,10000,10100,208869,10100
2020-02-14,10100,10350,9830,9900,130985,9900
2020-02-17,10100,10300,9830,10300,82147,10300
2020-02-18,10250,10300,9900,9970,86674,9970
2020-02-19,9960,10100,9870,10000,51371,10000
2020-02-20,10000,10100,9860,9920,59540,9920
2020-02-21,9920,9920,9550,9650,109881,9650
2020-02-24,9450,9500,9110,9150,137307,9150
2020-02-25,9150,9650,9140,9580,93603,9580
2020-02-26,9500,9500,9320,9610,7667,9610
2020-02-27,9600,9610,9160,9230,62371,9230
2020-02-28,9140,9140,8630,8710,124255,8710
2020-03-02,8640,8900,8640,8840,102037,8840
2020-03-03,9100,9280,8830,8840,93594,8840
2020-03-04,8790,9070,8770,9000,77405,9000
2020-03-05,9090,9100,8910,9040,76901,9040
2020-03-06,8950,9000,8780,8900,48413,8900
2020-03-09,8950,8870,8210,8280,129923,8280
2020-03-10,8070,8240,7850,8150,253039,8150
2020-03-11,8170,8190,7770,7900,191534,7900
2020-03-12,7790,7970,7170,7200,171481,7200
2020-03-13,6490,6880,5750,6460,341971,6460
2020-03-16,6650,6650,6120,6190,193813,6190
2020-03-17,5530,6320,5530,6140,165109,6140
2020-03-18,6200,6290,5650,5650,157636,5650
2020-03-19,5680,5880,4910,5620,443489,5620
2020-03-20,5600,5840,5150,5660,582794,5660
2020-03-23,5240,5720,5140,5400,392892,5400
2020-03-24,5620,6040,5490,5920,174920,5920
2020-03-25,6010,6350,5950,6200,198505,6200
2020-03-26,6340,6450,6060,6330,170404,6330
2020-03-27,6550,6620,6310,6400,177220,6400
2020-03-30,6300,6780,6140,6690,89403,6690
2020-03-31,6810,6940,6650,6820,148203,6820
2020-04-01,6780,7140,6620,6860,141387,6860
2020-04-02,6850,7040,6730,7010,111609,7010
2020-04-03,7170,7200,6980,7190,79108,7190
2020-04-06,7300,7760,7190,7580,165803,7580
2020-04-07,7800,7800,7550,7770,105764,7770
2020-04-08,7760,7870,7650,7820,74500,7820
2020-04-09,7830,8110,7800,7830,63756,7830
2020-04-10,8050,8050,7530,7720,98977,7720
2020-04-13,7730,7750,7500,7570,52063,7570
2020-04-14,7580,7720,7500,7680,47314,7680
2020-04-16,7700,7720,7550,7700,76085,7700
2020-04-17,7770,7940,7700,7810,82774,7810
2020-04-20,7890,8010,7800,7800,98282,7800
2020-04-21,7800,7990,7520,7770,99501,7770
2020-04-22,7680,7760,7490,7750,87785,7750
2020-04-23,7680,7960,7770,7940,34372,7940
2020-04-27,7750,7880,7680,7880,108742,7880
2020-04-28,7920,7950,7720,7820,61522,7820
2020-04-29,7820,7850,7750,7760,75413,7760
2020-05-04,7650,7650,7350,7350,217259,7350
2020-05-06,7460,7460,7170,7370,119073,7370
2020-05-07,7370,7750,7340,7750,135981,7750
2020-05-08,7840,7840,7690,7750,79144,7750
2020-05-11,7800,7880,7730,7810,86729,7810
2020-05-12,7880,7880,7570,7620,94623,7620
2020-05-13,7550,7680,7510,7620,50012,7620
2020-05-14,7620,7700,7560,7630,40538,7630
2020-05-15,7700,7900,7640,7820,139869,7820
2020-05-18,7850,7900,7580,7710,82795,7710
2020-05-19,7870,7880,7740,7940,129131,7940
2020-05-20,7900,8220,7900,8100,130024,8100
2020-05-21,8150,8180,7910,8050,112373,8050
2020-05-22,8020,8110,7720,7780,95070,7780
2020-05-25,7780,7880,7690,7740,79884,7740
2020-05-26,7730,7830,7710,7830,62361,7830
2020-05-27,7820,7890,7640,7710,143854,7710
2020-05-28,7710,7770,7320,7460,164499,7460
2020-05-29,7400,7490,7300,7360,90831,7360
2020-06-01,7360,7480,7350,7410,67444,7410
2020-06-02,7410,7550,7370,7540,59578,7540
2020-06-03,7570,7590,7490,7540,66986,7540
2020-06-04,7580,7620,7520,7550,70045,7550
2020-06-05,7530,7600,7420,7580,46712,7580
2020-06-08,7640,7650,7550,7580,73827,7580
2020-06-09,7590,7670,7550,7600,92025,7600
2020-06-10,7690,7690,7480,7550,63028,7550
2020-06-11,7550,7610,7450,7480,54527,7480
2020-06-12,7250,7250,6780,7170,118468,7170
2020-06-15,7250,7570,6920,6960,163433,6960
2020-06-16,7010,7260,7010,7160,75857,7160
2020-06-17,7160,7170,6930,7050,68755,7050
2020-06-18,7060,7130,6960,7060,29697,7060
2020-06-19,7060,7060,6950,7010,43969,7010
2020-06-22,7020,7430,6890,7030,75130,7030
2020-06-23,7040,7200,6920,6960,44626,6960
2020-06-24,7080,7080,6950,7020,31034,7020
2020-06-25,6980,7020,6910,6970,40063,6970
2020-06-26,6990,7060,6890,6990,27272,6990
2020-06-29,6890,7050,6880,6930,47244,6930
2020-06-30,6990,6990,6880,6900,31436,6900
2020-07-01,6910,6990,6870,6870,36000,6870
2020-07-02,6870,6920,6810,6860,35643,6860
2020-07-03,6860,6960,6830,6920,51554,6920
2020-07-06,6940,7170,6920,7040,58205,7040
2020-07-07,7050,7170,6980,7020,38196,7020
2020-07-08,7100,7100,6900,6960,30011,6960
2020-07-09,7000,7100,6950,7060,59589,7060
2020-07-10,7110,7110,6950,7000,40186,7000
2020-07-13,7040,7040,6930,7000,63917,7000
2020-07-14,7000,7010,6930,6990,35140,6990
2020-07-15,7050,7130,6900,7020,65817,7020
2020-07-16,7050,7050,6900,6920,70019,6920
2020-07-17,6940,6960,6860,6930,61920,6930
2020-07-20,6960,6960,6890,6900,33284,6900
2020-07-21,6920,7020,6900,7000,67858,7000
2020-07-22,6960,7100,6950,7000,66901,7000
2020-07-23,7010,7090,6880,6930,85751,6930
2020-07-24,6900,6930,6850,6880,64527,6880
2020-07-27,6850,6910,6810,6900,38933,6900
2020-07-28,6920,6950,6870,6910,53395,6910
2020-07-29,6950,6950,6880,6890,42182,6890
2020-07-30,6920,6940,6840,6870,61539,6870
2020-07-31,6900,6910,6840,6900,37822,6900
2020-08-03,6890,6900,6790,6820,77903,6820
2020-08-04,6830,6900,6830,6860,45807,6860
2020-08-05,6900,6900,6820,6840,28166,6840
2020-08-06,6840,6870,6830,6840,51482,6840
2020-08-07,6850,6890,6780,6820,53492,6820
2020-08-10,6820,6820,6760,6800,43478,6800
2020-08-11,6800,6870,6750,6800,70946,6800
2020-08-12,6750,6910,6710,6900,171263,6900
2020-08-13,6940,7240,6870,7150,247827,7150
2020-08-14,7210,7210,6860,6880,117557,6880
2020-08-18,6890,6890,6580,6590,107353,6590
2020-08-19,6550,6740,6530,6580,33701,6580
2020-08-20,6580,6620,6280,6360,78568,6360
2020-08-21,6360,6540,6250,6380,34947,6380
2020-08-24,6390,6400,6270,6400,26171,6400
2020-08-25,6400,6590,6380,6540,43711,6540
2020-08-26,6560,6600,6410,6530,42407,6530
2020-08-27,6540,6540,6370,6440,35388,6440
2020-08-28,6510,6520,6370,6420,29324,6420
2020-08-31,6460,6460,6320,6410,60037,6410
2020-09-01,6410,6410,6340,6400,25933,6400
2020-09-02,6400,6510,6370,6480,40224,6480
2020-09-03,6510,6640,6480,6580,53792,6580
2020-09-04,6380,6650,6380,6630,34458,6630
2020-09-07,6680,6750,6560,6730,65215,6730
2020-09-08,6680,6860,6680,6810,78943,6810
2020-09-09,6800,6800,6570,6720,44865,6720
2020-09-10,6700,7120,6700,6980,148114,6980
2020-09-11,7020,7240,6980,7170,154196,7170
2020-09-14,7330,7440,7210,7300,186927,7300
2020-09-15,7230,7400,7210,7350,76146,7350
2020-09-16,7350,7400,7230,7250,39128,7250
2020-09-17,7250,7360,7140,7240,68319,7240
2020-09-18,7240,7340,7130,7300,72289,7300
2020-09-21,7300,7350,7030,7160,58491,7160
2020-09-22,7080,7130,6720,6950,90990,6950
2020-09-23,7050,7050,6720,6850,45476,6850
2020-09-24,6820,6820,6570,6630,60511,6630
2020-09-25,6630,7030,6630,6900,62026,6900
2020-09-28,7070,7290,7040,7190,97949,7190
2020-09-29,7290,7300,7090,7110,49999,7110
2020-10-05,7250,7300,7160,7240,40656,7240
2020-10-06,7290,7400,7210,7310,72070,7310
2020-10-07,7330,7450,7160,7350,42029,7350
2020-10-08,7400,7400,7200,7300,16362,7300
2020-10-12,7280,7290,7200,7250,27569,7250
2020-10-13,7250,7320,7060,7180,27355,7180
2020-10-14,7100,7170,7070,7140,19643,7140
2020-10-15,7100,7180,6870,7050,54900,7050
2020-10-16,7000,7100,6860,6980,31280,6980
2020-10-19,6980,7050,6920,6990,10568,6990
2020-10-20,6970,6990,6860,6990,16971,6990
2020-10-21,6950,7100,6920,7060,28250,7060
2020-10-22,6990,7090,6950,6950,21303,6950
2020-10-23,6950,7010,6880,6920,19563,6920
2020-10-26,7060,7060,6720,6790,49666,6790
2020-10-27,6730,6930,6730,6900,18304,6900
2020-10-28,7070,7240,6880,7240,254301,7240
2020-10-29,7120,7340,6850,7080,314207,7080
2020-10-30,7100,7110,6760,6800,125739,6800
2020-11-02,6800,6930,6720,6840,41951,6840
2020-11-03,6900,6990,6860,6920,47074,6920
2020-11-04,6920,7070,6850,7030,55387,7030
2020-11-05,7080,7120,6980,7030,55429,7030
2020-11-06,7030,7130,6990,7050,45824,7050
2020-11-09,7060,7240,7050,7230,124787,7230
2020-11-10,7240,7260,7150,7180,81394,7180
2020-11-11,7190,7310,7130,7250,119375,7250
2020-11-12,7250,7330,7210,7240,55963,7240
2020-11-13,7240,7250,7130,7230,44251,7230
2020-11-16,7300,7350,7280,7300,138888,7300
2020-11-17,7340,7340,7150,7250,42725,7250
2020-11-18,7220,7270,7140,7160,42652,7160
2020-11-19,7160,7280,7100,7270,41916,7270
2020-11-20,7250,7330,7200,7300,47705,7300
2020-11-24,7300,7400,7280,7350,60815,7350
2020-11-25,7350,7400,7190,7230,79893,7230
2020-11-26,7170,7300,7160,7240,45039,7240
2020-11-27,7290,7290,7160,7200,48609,7200
2020-11-30,7170,7290,7170,7210,83766,7210
2020-12-01,7290,7290,7180,7210,57825,7210
2020-12-02,7280,7280,7190,7200,49930,7200
2020-12-03,7250,7400,7190,7400,196872,7400
2020-12-04,7410,7460,7310,7460,106297,7460
2020-12-07,7460,7480,7330,7330,93817,7330
2020-12-08,7300,7600,7300,7470,163962,7470
2020-12-09,7540,7540,7430,7470,86235,7470
2020-12-10,7420,7460,7380,7420,60199,7420
2020-12-11,7440,7530,7440,7520,52687,7520
2020-12-14,7510,7510,7430,7460,47529,7460
2020-12-15,7480,7480,7350,7380,43346,7380
2020-12-16,7460,7460,7350,7360,54297,7360
2020-12-17,7380,7430,7310,7390,51125,7390
2020-12-18,7360,7400,7310,7350,67349,7350
2020-12-21,7400,7560,7330,7560,186262,7560
2020-12-22,7600,7640,7300,7340,108260,7340
2020-12-23,7350,7570,7210,7540,143772,7540
2020-12-24,7550,7600,7420,7500,77396,7500
2020-12-28,7450,7500,7260,7310,141141,7310
2020-12-29,7320,7570,7320,7540,97496,7540
2020-12-30,7550,7560,7430,7450,84344,7450
2021-01-04,7400,7540,7400,7500,75117,7500
2021-01-05,7440,7540,7390,7450,87946,7450
2021-01-06,7490,7750,7410,7690,175066,7690
2021-01-07,7720,7750,7580,7660,149949,7660
2021-01-08,7740,7750,7530,7620,117626,7620
2021-01-11,7690,7690,7220,7570,152841,7570
2021-01-12,7560,7690,7420,7600,68980,7600
2021-01-13,7600,7650,7490,7540,56644,7540
2021-01-14,7560,8030,7560,7950,328938,7950
2021-01-15,7970,8000,7760,7800,80746,7800
2021-01-18,7740,7780,7510,7540,96026,7540
2021-01-19,7550,7730,7540,7620,58161,7620
2021-01-20,7690,7860,7600,7730,86457,7730
2021-01-21,7750,7850,7720,7780,71597,7780
2021-01-22,7860,7860,7730,7780,109748,7780
2021-01-25,7780,7850,7690,7740,113923,7740
2021-01-26,7740,7750,7660,7730,45006,7730
2021-01-27,7740,7770,7660,7690,66538,7690
2021-01-28,7550,7640,7430,7440,108150,7440
2021-01-29,7480,7510,7130,7200,118393,7200
2021-02-01,7110,7290,7050,7260,69752,7260
2021-02-02,7260,7380,7230,7310,57845,7310
2021-02-03,7350,7720,7250,7640,221682,7640
2021-02-04,7980,7980,7600,7640,288026,7640
2021-02-05,7700,7730,7660,7730,2622,7730
2021-02-08,7660,8300,7600,8150,422284,8150
2021-02-09,8200,8230,7870,7870,157499,7870
2021-02-10,7950,7950,7790,7830,45057,7830
2021-02-15,7840,7930,7780,7830,50016,7830
2021-02-16,7830,7950,7740,7940,70190,7940
2021-02-17,8000,8310,7980,8120,166021,8120
2021-02-18,8200,8200,8040,8080,72026,8080
2021-02-19,8050,8070,7820,7960,84363,7960
2021-02-22,8050,8260,8000,8180,115119,8180
2021-02-23,8180,8180,8030,8080,42795,8080
2021-02-24,8090,8150,7700,7700,90233,7700
2021-02-25,7770,8050,7760,7990,89771,7990
2021-02-26,7850,7950,7750,7820,40555,7820
2021-03-02,8000,8000,7750,7790,39422,7790
2021-03-03,7810,7920,7790,7910,27565,7910
2021-03-04,7860,7930,7780,7930,22379,7930
2021-03-05,7820,7910,7760,7840,36171,7840
2021-03-08,7850,8050,7840,7840,46050,7840
2021-03-09,7800,7840,7630,7840,56219,7840
2021-03-10,7850,7980,7760,7770,21533,7770
2021-03-11,7780,7820,7740,7800,27457,7800
2021-03-12,7790,7910,7790,7870,21561,7870
2021-03-15,7870,7940,7850,7920,25845,7920
2021-03-16,8000,8010,7910,7970,23413,7970
2021-03-17,7970,8120,7920,8120,81486,8120
2021-03-18,8120,8140,8000,8080,108224,8080
2021-03-19,7990,8160,7980,8100,46261,8100
2021-03-22,8150,8170,8060,8130,38105,8130
2021-03-23,8130,8270,8050,8080,65700,8080
2021-03-24,8060,8230,8040,8140,67105,8140
2021-03-25,8120,8180,8090,8170,31189,8170
2021-03-26,8170,8330,8120,8200,89970,8200
2021-03-29,8310,8330,8220,8270,1174525952,8270
2021-03-30,8270,8560,8270,8450,1174484992,8450
2021-03-31,8420,8490,8360,8410,1174638592,8410
2021-04-01,8480,8580,8430,8500,1174700032,8500
2021-04-02,8500,8560,8370,8440,1174720512,8440
2021-04-05,8450,8520,8360,8520,1174669312,8520
2021-04-06,8500,8580,8440,8540,1174720512,8540
2021-04-07,8540,8560,8460,8500,1174761472,8500
2021-04-08,8430,8520,8420,8500,1174648832,8500
2021-04-09,8520,8570,8410,8560,29356,8560
2021-04-12,8590,9020,8570,8890,211160,8890
2021-04-13,8950,8950,8820,8890,46812,8890
2021-04-14,8890,9010,8870,8940,54911,8940
2021-04-15,9000,9220,9000,9110,97267,9110
